5033
4 48 717 335 377
4 468 570 757 254
4 115 543 361 254
4 626 361 757 254
4 626 543 757 254
4 626 543 361 254
4 309 146 395 724
4 721 216 12 788
4 283 216 12 788
4 283 154 216 788
4 186 309 146 395
4 149 186 146 133
4 371 186 146 133
4 166 380 570 757
4 166 19 394 380
4 667 200 380 377
4 667 115 254 15
4 667 115 361 15
4 667 115 361 254
4 667 560 361 377
4 667 166 380 570
4 667 570 757 254
4 667 361 757 254
4 667 166 570 757
4 18 635 17 625
4 712 505 727 324
4 496 50 254 324
4 660 115 543 254
4 660 468 543 697
4 660 468 254 324
4 660 543 757 254
4 660 468 757 254
4 660 468 543 757
4 320 560 361 377
4 85 592 485 442
4 461 85 485 442
4 583 166 394 380
4 583 569 394 485
4 583 461 569 485
4 583 166 626 757
4 583 461 485 442
4 339 186 309 146
4 52 385 293 335
4 52 404 293 335
4 52 404 385 293
4 534 115 254 15
4 534 115 239 254
4 51 618 293 335
4 51 385 293 335
4 51 335 15 377
4 51 385 21 717
4 51 717 335 377
4 449 465 485 97
4 449 85 485 97
4 449 569 394 485
4 681 166 19 394
4 217 182 19 560
4 217 681 182 19
4 217 681 170 182
4 792 516 354 605
4 290 721 216 788
4 121 5 371 48
4 185 358 158 556
4 185 358 275 376
4 185 358 158 376
4 185 111 158 112
4 185 275 112 376
4 185 158 112 376
4 185 209 158 556
4 185 209 162 556
4 185 209 162 158
4 798 682 50 727
4 798 28 682 50
4 798 338 682 727
4 798 712 727 324
4 798 28 50 522
4 164 91 275 376
4 164 28 91 376
4 164 789 28 376
4 164 338 622 682
4 164 798 28 682
4 164 798 338 682
4 164 798 338 28
4 164 338 622 737
4 164 338 789 737
4 164 28 682 50
4 164 682 50 727
4 164 682 727 259
4 707 449 465 485
4 707 449 19 394
4 707 217 449 19
4 451 571 346 251
4 344 530 564 713
4 344 530 564 330
4 344 564 330 556
4 105 149 146 724
4 105 149 186 146
4 105 675 149 186
4 105 635 186 395
4 105 18 635 625
4 558 798 712 727
4 558 798 338 727
4 558 549 505 727
4 558 712 505 727
4 558 712 549 505
4 180 51 335 15
4 180 51 618 335
4 180 51 560 377
4 566 358 275 376
4 566 539 593 73
4 546 91 275 377
4 546 667 200 254
4 546 91 15 377
4 546 667 15 377
4 546 91 254 15
4 546 667 254 15
4 546 91 522 254
4 546 183 91 522
4 546 50 522 254
4 546 183 50 522
4 546 496 50 254
4 248 667 380 377
4 248 166 19 380
4 248 667 166 380
4 248 667 560 377
4 248 681 166 19
4 248 182 19 560
4 248 681 182 19
4 248 681 170 182
4 427 18 635 17
4 427 569 635 17
4 427 380 717 377
4 427 105 635 186
4 427 105 18 635
4 427 635 186 395
4 427 200 380 377
4 427 48 717 377
4 427 105 675 186
4 427 105 675 18
4 427 339 186 717
4 427 339 186 309
4 427 186 309 395
4 427 48 335 377
4 427 330 335 377
4 427 121 48 335
4 427 121 330 335
4 427 330 275 377
4 313 571 64 251
4 271 52 404 492
4 271 67 277 335
4 271 67 404 335
4 271 52 277 335
4 271 52 404 335
4 188 371 186 48
4 188 371 186 146
4 188 339 186 146
4 247 115 239 254
4 247 660 115 254
4 247 239 505 254
4 349 343 458 419
4 440 223 755 794
4 440 580 481 794
4 440 755 580 794
4 440 755 580 481
4 654 534 598 117
4 654 534 618 117
4 478 583 394 380
4 478 583 569 394
4 478 461 569 17
4 478 583 461 569
4 478 427 380 717
4 478 427 200 380
4 478 380 570 757
4 478 166 380 757
4 478 583 166 757
4 478 583 166 380
4 348 385 21 717
4 348 339 21 717
4 348 52 492 385
4 348 339 186 717
4 348 188 339 186
4 348 51 385 717
4 348 427 48 717
4 348 427 186 717
4 348 48 717 335
4 348 51 717 335
4 348 51 385 335
4 348 427 186 48
4 348 188 186 48
4 403 51 717 377
4 403 51 560 377
4 403 51 21 717
4 403 248 560 377
4 403 248 19 377
4 403 248 19 560
4 403 217 19 560
4 542 51 385 21
4 542 51 385 293
4 542 348 385 21
4 576 516 679 605
4 232 358 158 376
4 56 576 792 407
4 323 375 283 788
4 323 84 580 481
4 323 576 54 407
4 323 576 432 407
4 610 449 485 724
4 610 461 395 724
4 610 461 485 724
4 610 309 395 724
4 610 461 569 485
4 610 449 569 485
4 610 427 309 395
4 610 449 569 21
4 610 427 635 395
4 610 427 569 635
4 610 427 569 717
4 610 449 339 21
4 610 427 339 717
4 610 427 339 309
4 610 569 21 717
4 610 339 21 717
4 435 449 569 21
4 435 449 569 394
4 435 569 21 717
4 435 449 19 21
4 435 449 19 394
4 435 403 21 717
4 435 403 19 21
4 435 380 717 377
4 435 478 380 717
4 435 478 394 380
4 435 478 569 394
4 435 403 717 377
4 435 403 19 377
4 435 19 394 380
4 435 478 569 17
4 435 248 380 377
4 435 248 19 377
4 435 248 19 380
4 435 427 569 717
4 435 427 569 17
4 435 478 427 717
4 435 478 427 17
4 106 626 361 757
4 106 166 626 757
4 106 667 361 757
4 106 667 166 757
4 106 626 543 361
4 690 531 67 679
4 690 67 277 335
4 690 271 67 277
4 690 576 679 605
4 690 516 679 605
4 690 516 531 679
4 690 451 516 605
4 690 451 516 531
4 55 163 347 54
4 55 56 163 347
4 55 56 792 407
4 55 56 792 163
4 55 163 516 54
4 55 576 54 407
4 55 576 792 605
4 55 576 792 407
4 55 792 516 605
4 55 163 516 354
4 55 792 516 354
4 55 792 163 354
4 55 576 516 605
4 55 576 516 54
4 252 216 480 95
4 252 154 216 788
4 252 154 216 95
4 99 164 682 259
4 99 164 727 259
4 99 50 727 259
4 99 164 50 727
4 278 99 476 259
4 278 99 765 259
4 448 290 721 788
4 658 375 283 154
4 658 154 95 788
4 658 283 154 788
4 658 375 283 788
4 658 580 95 788
4 658 323 580 788
4 658 323 375 788
4 177 121 48 335
4 177 121 277 335
4 177 348 48 335
4 177 52 277 335
4 177 52 385 335
4 177 348 385 335
4 177 348 52 385
4 177 271 52 492
4 177 348 52 492
4 745 662 121 129
4 745 121 129 330
4 745 344 129 330
4 745 344 530 330
4 745 344 530 129
4 745 530 564 330
4 745 530 790 564
4 745 662 121 299
4 745 121 330 299
4 745 564 330 299
4 745 790 564 299
4 314 564 330 299
4 314 564 330 556
4 314 185 330 556
4 314 111 112 299
4 314 185 112 299
4 314 185 111 112
4 314 564 713 556
4 314 743 713 556
4 314 185 111 158
4 314 185 162 158
4 314 185 162 556
4 314 743 162 556
4 249 530 564 713
4 249 314 564 713
4 249 314 743 713
4 249 314 111 299
4 249 314 564 299
4 249 790 564 299
4 249 530 790 564
4 87 683 606 538
4 87 99 683 606
4 87 99 683 476
4 128 149 146 133
4 128 371 146 133
4 128 146 64 724
4 128 149 146 724
4 756 128 244 149
4 113 690 451 251
4 369 349 458 419
4 369 349 393 625
4 342 427 18 330
4 342 427 18 17
4 342 18 17 625
4 342 349 17 625
4 342 369 349 625
4 342 369 349 458
4 268 427 675 186
4 268 427 186 48
4 268 427 121 48
4 268 121 129 330
4 268 427 121 330
4 268 344 129 330
4 268 427 18 330
4 268 427 675 18
4 268 344 18 330
4 399 209 419 556
4 399 458 419 556
4 399 369 458 419
4 529 186 146 395
4 529 105 186 395
4 529 105 186 146
4 529 146 395 724
4 529 105 146 724
4 529 105 635 395
4 529 105 635 625
4 529 105 149 724
4 529 128 149 724
4 650 105 18 625
4 650 105 675 18
4 650 399 69 625
4 650 268 344 18
4 650 268 675 18
4 650 399 369 625
4 650 342 18 625
4 650 342 369 625
4 650 399 369 458
4 650 344 458 556
4 650 399 458 556
4 650 344 18 330
4 650 342 18 330
4 650 342 369 458
4 650 344 458 330
4 650 342 458 330
4 211 338 737 148
4 211 798 338 148
4 211 558 798 338
4 192 85 592 485
4 34 338 682 727
4 34 558 338 727
4 179 192 764 592
4 179 558 712 549
4 179 192 558 549
4 179 493 712 73
4 179 712 549 505
4 179 192 549 505
4 389 707 217 262
4 221 654 598 117
4 221 654 598 239
4 165 221 654 239
4 508 229 215 419
4 508 229 593 419
4 508 215 358 419
4 508 229 215 464
4 508 566 539 593
4 41 703 593 73
4 41 566 593 73
4 41 566 703 593
4 433 41 566 73
4 433 603 77 539
4 433 566 539 73
4 433 77 798 148
4 433 77 798 28
4 93 493 712 73
4 93 493 496 712
4 93 433 712 73
4 93 493 546 73
4 93 546 496 50
4 93 496 712 324
4 93 546 183 50
4 4 320 560 361
4 4 170 320 361
4 4 248 182 560
4 4 170 320 510
4 4 441 320 510
4 4 248 170 182
4 4 170 182 510
4 744 546 275 377
4 744 427 275 377
4 744 427 200 377
4 744 342 427 275
4 744 667 200 377
4 744 546 667 377
4 744 546 667 200
4 744 41 703 275
4 744 645 546 200
4 744 41 703 73
4 744 546 91 275
4 744 546 183 91
4 744 41 183 91
4 744 703 593 73
4 744 493 546 73
4 744 493 645 546
4 70 478 583 200
4 70 478 380 570
4 70 478 200 380
4 70 478 570 757
4 70 478 583 757
4 70 667 570 254
4 70 667 380 570
4 70 667 200 254
4 70 667 200 380
4 70 546 200 254
4 70 645 546 200
4 70 546 496 254
4 70 645 546 496
4 356 583 166 394
4 356 681 166 394
4 356 583 166 626
4 356 106 166 626
4 356 106 681 166
4 356 106 626 543
4 356 106 681 170
4 276 313 571 251
4 276 451 571 346
4 276 202 451 346
4 276 202 451 571
4 423 128 146 64
4 423 128 371 146
4 423 188 371 48
4 423 128 371 133
4 423 313 64 251
4 423 113 64 251
4 322 339 309 146
4 322 313 449 724
4 322 449 339 21
4 322 309 146 724
4 322 610 339 309
4 322 610 449 339
4 322 313 64 724
4 322 610 309 724
4 322 610 449 724
4 615 247 505 254
4 615 247 660 254
4 615 505 254 324
4 615 660 254 324
4 615 247 660 697
4 615 660 468 324
4 615 660 468 697
4 615 764 468 697
4 615 135 764 697
4 678 247 239 505
4 678 549 505 727
4 24 106 170 361
4 24 356 106 170
4 24 106 543 361
4 24 356 106 543
4 24 356 681 170
4 243 449 64 97
4 243 449 85 97
4 243 449 85 485
4 726 465 485 97
4 647 252 123 482
4 620 349 17 625
4 620 349 393 625
4 620 583 461 442
4 620 478 461 17
4 620 478 583 461
4 693 461 85 442
4 693 393 85 442
4 693 620 461 442
4 693 620 393 442
4 693 620 393 625
4 693 635 17 625
4 693 620 17 625
4 693 529 635 395
4 110 358 419 556
4 110 343 419 556
4 110 343 358 419
4 110 185 358 556
4 110 343 185 556
4 110 185 358 275
4 445 458 419 556
4 445 343 419 556
4 445 343 458 419
4 445 344 330 556
4 445 344 458 556
4 445 344 458 330
4 445 185 330 556
4 445 342 458 330
4 445 349 343 458
4 445 342 349 458
4 445 427 330 275
4 445 342 427 275
4 445 342 427 330
4 341 516 321 54
4 341 163 516 54
4 341 163 347 54
4 341 412 347 54
4 49 440 755 481
4 49 440 223 481
4 49 440 223 755
4 49 341 412 54
4 49 223 347 755
4 49 412 347 54
4 49 412 223 347
4 49 323 54 407
4 49 55 54 407
4 49 323 576 54
4 49 755 580 481
4 49 323 580 481
4 509 49 223 481
4 509 440 223 481
4 2 225 131 388
4 414 580 481 794
4 414 440 481 794
4 414 440 223 794
4 414 509 440 481
4 414 509 440 223
4 414 509 201 223
4 62 430 654 534
4 62 165 221 654
4 515 150 144 153
4 75 388 153 506
4 75 643 153 506
4 75 201 388 153
4 75 201 144 153
4 75 643 144 153
4 75 201 388 695
4 291 131 472 240
4 291 102 131 472
4 291 102 131 618
4 291 180 618 475
4 291 446 180 475
4 291 534 618 117
4 291 180 534 117
4 291 180 534 618
4 325 291 102 472
4 325 291 102 618
4 325 291 472 240
4 68 216 480 95
4 467 298 429 97
4 57 242 457 12
4 353 57 726 242
4 536 283 12 788
4 536 283 216 12
4 536 242 457 12
4 540 389 707 262
4 405 248 681 166
4 405 106 681 166
4 405 248 667 166
4 405 106 667 166
4 405 248 681 170
4 405 106 681 170
4 405 106 667 361
4 405 106 170 361
4 405 667 560 361
4 405 248 667 560
4 405 4 170 361
4 405 4 248 170
4 405 4 560 361
4 405 4 248 560
4 141 690 67 335
4 141 690 67 679
4 141 121 277 335
4 141 690 277 335
4 141 177 5 277
4 141 177 121 277
4 141 177 121 5
4 141 113 690 576
4 359 451 346 251
4 359 690 346 251
4 359 690 451 251
4 359 690 451 531
4 359 202 451 346
4 359 195 271 346
4 286 332 679 472
4 286 102 679 472
4 286 102 472 695
4 286 332 472 240
4 304 451 516 531
4 304 359 451 531
4 304 359 202 451
4 304 359 202 346
4 288 278 99 765
4 520 288 99 765
4 167 99 164 682
4 167 520 99 606
4 167 87 99 606
4 167 87 606 538
4 167 87 99 476
4 76 233 252 420
4 76 252 480 95
4 76 154 95 788
4 76 252 154 788
4 76 252 154 95
4 292 22 37 548
4 676 755 580 794
4 676 223 755 794
4 460 174 337 773
4 629 785 56 407
4 629 676 755 580
4 629 785 633 457
4 629 49 347 755
4 629 55 56 407
4 629 55 56 347
4 629 223 347 755
4 629 676 223 755
4 629 676 223 347
4 629 49 55 407
4 629 55 347 54
4 629 49 347 54
4 629 49 55 54
4 237 14 84 432
4 237 323 84 432
4 237 323 375 432
4 237 658 323 375
4 237 323 84 580
4 237 658 84 580
4 237 658 323 580
4 722 14 116 84
4 722 84 112 95
4 722 14 84 112
4 486 423 188 48
4 486 121 5 48
4 486 177 121 48
4 486 177 121 5
4 486 348 188 48
4 486 177 348 48
4 486 177 348 188
4 486 5 371 48
4 486 423 371 48
4 486 423 5 371
4 9 745 530 790
4 9 745 662 129
4 9 745 790 299
4 9 745 662 299
4 9 530 129 713
4 9 745 530 129
4 9 249 530 713
4 9 249 530 790
4 9 249 111 299
4 9 249 790 299
4 641 433 41 566
4 641 433 566 539
4 641 433 77 539
4 411 28 91 522
4 411 77 28 522
4 411 641 433 77
4 411 28 91 376
4 411 641 433 41
4 411 91 275 376
4 411 789 28 376
4 59 515 153 506
4 383 764 543 697
4 383 24 356 543
4 383 660 543 697
4 383 135 247 697
4 383 247 660 697
4 383 660 115 543
4 749 685 225 131
4 749 2 225 131
4 749 2 685 131
4 282 707 474 262
4 425 202 792 571
4 425 202 451 571
4 425 202 792 354
4 425 571 605 97
4 425 792 605 97
4 425 792 571 97
4 425 792 354 605
4 425 516 354 605
4 425 451 516 605
4 425 451 516 354
4 317 128 429 64
4 317 113 64 251
4 317 571 64 251
4 317 113 571 251
4 61 756 244 149
4 61 141 756 244
4 61 141 371 133
4 224 9 129 713
4 224 530 129 713
4 224 344 530 713
4 224 344 530 129
4 224 9 662 129
4 459 689 231 162
4 459 637 743 162
4 459 637 231 162
4 459 96 111 694
4 194 268 675 186
4 194 149 186 133
4 194 675 149 186
4 194 371 186 133
4 194 371 186 48
4 194 268 186 48
4 194 268 121 129
4 194 61 149 133
4 194 121 371 133
4 194 121 371 48
4 194 268 121 48
4 621 693 393 85
4 621 85 550 464
4 621 229 550 464
4 621 539 85 442
4 621 393 85 442
4 421 229 369 419
4 421 399 369 419
4 421 399 209 419
4 421 621 229 550
4 421 209 215 419
4 421 229 215 419
4 421 243 209 215
4 421 243 229 215
4 421 399 69 209
4 421 243 69 209
4 421 369 393 625
4 729 461 395 724
4 729 529 395 724
4 729 693 529 395
4 729 461 485 724
4 729 461 85 485
4 729 693 461 85
4 729 243 85 485
4 729 243 85 550
4 729 621 85 550
4 729 621 693 85
4 729 449 485 724
4 729 243 449 485
4 729 421 243 550
4 729 421 243 69
4 729 421 621 550
4 729 449 64 724
4 729 243 449 64
4 729 529 635 625
4 729 693 635 625
4 729 693 529 635
4 729 529 105 625
4 729 421 369 625
4 729 693 393 625
4 729 621 693 393
4 729 421 393 625
4 729 421 621 393
4 729 399 69 625
4 729 399 369 625
4 729 421 399 69
4 729 421 399 369
4 138 678 727 259
4 138 678 549 727
4 226 615 247 697
4 782 192 85 485
4 692 179 493 73
4 692 179 592 442
4 318 468 570 757
4 318 70 570 254
4 318 70 496 254
4 318 468 254 324
4 318 468 570 254
4 318 496 254 324
4 302 211 737 148
4 302 603 737 148
4 302 211 798 148
4 302 558 798 712
4 302 211 558 798
4 302 603 77 148
4 302 433 77 148
4 302 433 603 77
4 302 433 603 539
4 302 433 798 148
4 302 433 798 712
4 454 678 247 239
4 245 221 598 239
4 245 165 221 239
4 127 232 358 376
4 127 566 358 376
4 127 508 566 358
4 127 508 215 358
4 601 744 546 73
4 601 744 546 183
4 601 93 546 73
4 601 93 433 73
4 601 93 546 183
4 601 433 41 73
4 601 744 41 73
4 601 744 41 183
4 601 41 183 91
4 601 411 41 91
4 601 411 433 41
4 601 183 91 522
4 601 411 91 522
4 601 798 28 522
4 601 433 798 28
4 601 411 77 522
4 601 411 433 77
4 601 77 28 522
4 601 433 77 28
4 747 433 798 712
4 747 93 433 712
4 747 798 712 324
4 747 93 712 324
4 747 601 433 798
4 747 601 93 433
4 747 50 727 324
4 747 798 727 324
4 747 798 50 727
4 747 496 50 324
4 747 93 496 324
4 747 93 496 50
4 747 798 50 522
4 747 601 798 522
4 747 93 183 50
4 747 601 93 183
4 747 183 50 522
4 747 601 183 522
4 418 4 560 475
4 418 4 182 560
4 418 217 182 262
4 418 4 182 510
4 418 446 441 510
4 418 4 441 510
4 184 744 427 200
4 184 744 342 427
4 184 342 427 17
4 184 478 427 17
4 184 478 427 200
4 184 342 349 17
4 184 620 478 17
4 184 744 645 200
4 184 478 583 200
4 184 620 478 583
4 184 620 349 17
4 184 744 703 593
4 184 744 493 645
4 184 349 703 593
4 184 744 593 73
4 184 744 493 73
4 184 620 393 442
4 184 692 393 442
4 184 692 620 442
4 673 744 342 275
4 673 445 342 275
4 673 445 342 349
4 673 744 703 275
4 673 184 342 349
4 673 184 744 342
4 673 184 349 703
4 673 184 744 703
4 673 110 358 275
4 673 110 343 358
4 673 343 358 419
4 673 349 343 419
4 673 566 358 275
4 673 508 358 419
4 673 349 593 419
4 673 349 703 593
4 673 41 703 275
4 673 41 566 275
4 673 41 566 703
4 673 508 566 358
4 673 508 593 419
4 673 566 703 593
4 673 508 566 593
4 372 744 91 275
4 372 744 41 275
4 372 744 41 91
4 372 411 91 275
4 372 41 566 275
4 372 641 41 566
4 372 411 41 91
4 372 411 641 41
4 372 411 275 376
4 372 411 641 376
4 372 566 275 376
4 372 641 566 376
4 273 571 346 251
4 273 276 571 251
4 273 276 571 346
4 273 276 313 251
4 273 195 271 346
4 273 195 313 492
4 273 690 346 251
4 273 195 271 492
4 273 423 313 251
4 273 423 313 492
4 273 359 271 346
4 273 359 690 346
4 273 359 690 271
4 273 423 113 251
4 273 423 113 492
4 525 313 571 64
4 525 276 313 571
4 525 317 571 64
4 525 449 64 97
4 525 276 202 571
4 525 429 64 97
4 525 317 429 64
4 525 571 429 97
4 525 317 571 429
4 525 792 571 97
4 525 202 792 571
4 525 449 465 97
4 525 707 449 465
4 758 282 114 474
4 585 423 313 492
4 585 423 313 64
4 585 322 313 64
4 585 423 146 64
4 585 188 339 146
4 585 322 339 146
4 585 188 371 146
4 585 423 371 146
4 585 423 188 371
4 585 146 64 724
4 585 322 64 724
4 585 322 146 724
4 280 654 534 598
4 280 746 534 598
4 280 62 534 239
4 280 62 654 239
4 280 62 654 534
4 280 534 115 239
4 280 746 534 115
4 386 746 534 598
4 386 280 746 598
4 386 446 441 510
4 386 441 320 510
4 172 170 182 510
4 172 418 182 510
4 172 418 446 510
4 172 386 446 510
4 172 386 446 598
4 63 280 746 115
4 63 383 24 247
4 63 247 115 239
4 63 280 115 239
4 63 247 660 115
4 63 383 660 115
4 63 383 247 660
4 63 454 247 239
4 63 115 543 361
4 63 383 115 543
4 63 24 543 361
4 63 383 24 543
4 270 24 389 65
4 270 172 24 170
4 270 172 24 65
4 270 172 540 65
4 270 217 681 170
4 270 389 217 681
4 270 540 389 262
4 270 172 170 182
4 270 217 170 182
4 270 217 182 262
4 270 389 217 262
4 270 418 182 262
4 270 172 418 182
4 554 726 465 485
4 554 726 213 465
4 554 707 465 485
4 554 213 707 465
4 554 782 707 485
4 554 782 85 485
4 11 643 781 506
4 11 151 781 506
4 11 75 643 506
4 11 75 151 506
4 786 569 635 17
4 786 693 635 17
4 786 461 569 17
4 786 693 635 395
4 786 620 461 17
4 786 693 620 17
4 786 693 620 461
4 786 610 635 395
4 786 610 569 635
4 786 610 461 395
4 786 610 461 569
4 786 729 461 395
4 786 729 693 395
4 786 729 693 461
4 80 343 185 556
4 80 445 185 556
4 80 445 343 556
4 80 185 275 299
4 80 314 185 299
4 80 110 185 275
4 80 110 343 185
4 80 314 330 299
4 80 314 185 330
4 80 445 185 330
4 80 330 275 299
4 80 445 330 275
4 80 673 445 275
4 80 673 110 275
4 80 673 110 343
4 80 445 349 343
4 80 673 349 343
4 80 673 445 349
4 567 341 163 347
4 567 341 412 347
4 567 341 516 321
4 567 341 163 516
4 360 49 341 412
4 360 567 341 321
4 360 567 341 412
4 360 341 321 54
4 360 49 321 54
4 360 49 341 54
4 42 49 412 223
4 42 509 412 223
4 42 509 49 223
4 42 360 49 412
4 42 360 412 321
4 42 49 695 481
4 42 509 695 481
4 42 509 49 481
4 42 360 49 321
4 257 643 773 580
4 257 414 580 481
4 257 414 773 580
4 257 174 719 201
4 257 414 509 481
4 257 414 509 201
4 257 75 201 144
4 257 75 643 144
4 257 509 695 481
4 257 509 201 695
4 86 414 201 223
4 86 257 719 201
4 86 257 414 201
4 86 509 412 223
4 86 509 201 223
4 86 509 201 412
4 86 412 223 347
4 86 676 223 347
4 86 676 719 347
4 86 414 223 794
4 86 676 223 794
4 86 676 414 794
4 86 257 676 414
4 86 58 719 347
4 86 779 58 347
4 86 779 58 719
4 639 2 225 388
4 574 75 654 117
4 574 654 618 117
4 574 291 618 117
4 574 291 131 618
4 574 75 131 388
4 574 532 685 131
4 574 532 362 474
4 574 532 685 474
4 46 325 102 472
4 750 271 404 492
4 750 52 492 385
4 750 52 404 385
4 750 52 404 492
4 750 542 492 385
4 750 404 385 293
4 750 203 404 293
4 750 542 385 293
4 750 542 203 293
4 108 154 216 95
4 108 68 216 95
4 108 658 154 95
4 513 68 216 480
4 513 108 79 216
4 513 108 68 216
4 176 429 64 97
4 176 243 64 97
4 176 317 128 429
4 176 128 429 64
4 176 729 128 64
4 176 729 128 69
4 176 729 243 64
4 176 729 243 69
4 326 637 231 209
4 326 209 162 158
4 326 637 209 162
4 326 637 231 162
4 301 87 164 376
4 301 36 232 631
4 301 232 631 376
4 301 36 232 376
4 301 164 789 376
4 301 36 789 376
4 30 300 235 367
4 655 43 96 112
4 655 258 14 116
4 604 43 96 112
4 604 158 112 376
4 604 301 631 376
4 604 232 158 376
4 604 232 631 376
4 604 235 112 95
4 604 87 112 376
4 604 301 87 376
4 604 301 87 631
4 604 87 112 95
4 604 87 631 95
4 784 621 85 464
4 784 621 539 85
4 784 508 539 593
4 559 353 242 700
4 559 57 242 457
4 559 353 57 242
4 559 785 56 457
4 559 353 792 97
4 559 525 792 97
4 723 353 467 97
4 723 792 605 97
4 723 353 792 97
4 723 571 605 97
4 723 467 298 97
4 723 576 792 605
4 723 571 429 97
4 723 298 429 97
4 723 345 467 298
4 723 345 467 576
4 723 559 576 792
4 723 559 353 792
4 723 425 571 605
4 723 425 451 605
4 723 425 451 571
4 723 317 571 429
4 723 317 244 429
4 723 690 451 605
4 723 113 690 451
4 723 690 576 605
4 723 113 690 576
4 723 451 571 251
4 723 113 571 251
4 723 113 451 251
4 723 317 113 571
4 723 317 113 244
4 723 141 113 576
4 7 323 375 432
4 7 323 633 788
4 7 536 633 788
4 7 323 375 283
4 7 323 283 788
4 7 536 283 788
4 751 237 375 432
4 751 608 237 432
4 751 7 375 432
4 234 532 685 131
4 234 291 131 240
4 234 532 685 474
4 234 532 291 362
4 234 574 291 131
4 234 574 532 131
4 234 574 532 291
4 234 282 685 474
4 234 532 362 474
4 234 758 282 474
4 234 282 114 240
4 234 758 114 240
4 234 758 282 114
4 351 540 389 707
4 351 270 389 65
4 351 270 540 65
4 351 270 540 389
4 303 707 474 262
4 303 362 474 262
4 303 540 707 262
4 303 540 362 262
4 303 351 540 707
4 303 282 707 474
4 303 282 685 474
4 303 213 707 465
4 303 282 707 465
4 303 554 213 707
4 303 554 782 707
4 303 782 389 707
4 303 351 389 707
4 303 726 213 465
4 303 16 726 213
4 312 141 423 5
4 312 141 423 113
4 312 423 113 492
4 312 141 113 690
4 312 273 271 492
4 312 273 113 492
4 312 141 690 277
4 312 113 690 251
4 312 273 113 251
4 312 273 690 251
4 312 273 690 271
4 311 286 332 240
4 311 2 131 240
4 311 234 131 240
4 628 278 765 420
4 628 288 765 420
4 628 288 278 765
4 628 76 278 420
4 628 76 278 476
4 628 278 99 476
4 628 288 278 99
4 136 99 682 259
4 136 167 99 682
4 136 167 520 99
4 136 167 520 606
4 136 230 622 682
4 136 167 164 682
4 136 164 622 682
4 136 301 164 622
4 136 301 167 164
4 136 301 230 622
4 649 534 50 254
4 649 534 239 254
4 649 62 534 239
4 649 50 254 324
4 649 50 727 259
4 649 37 62 259
4 649 50 727 324
4 649 678 727 259
4 649 505 254 324
4 649 505 727 324
4 649 239 505 254
4 649 678 705 239
4 649 678 505 727
4 649 678 239 505
4 649 165 705 239
4 649 761 705 500
4 649 165 654 239
4 649 62 654 239
4 649 62 165 654
4 10 290 580 788
4 10 643 773 580
4 10 414 773 580
4 10 460 337 773
4 10 460 290 337
4 10 290 216 788
4 10 526 460 773
4 10 526 460 290
4 10 76 252 788
4 10 76 252 643
4 10 252 216 788
4 10 252 482 216
4 10 526 252 482
4 699 779 58 6
4 373 323 580 788
4 373 629 49 407
4 373 323 633 788
4 373 49 323 407
4 373 49 323 580
4 373 629 785 407
4 373 629 785 633
4 373 49 755 580
4 373 629 755 580
4 373 629 49 755
4 483 237 658 84
4 483 722 237 84
4 483 722 84 95
4 169 177 271 492
4 169 486 188 492
4 169 486 177 188
4 169 348 188 492
4 169 177 348 492
4 169 177 348 188
4 169 271 52 277
4 169 177 52 277
4 169 177 271 52
4 169 690 271 277
4 169 312 690 277
4 169 312 690 271
4 524 459 637 743
4 524 459 637 231
4 524 224 637 743
4 125 36 789 376
4 125 411 789 376
4 125 411 641 376
4 125 411 641 789
4 125 603 77 789
4 125 641 77 789
4 125 641 603 77
4 125 36 232 376
4 125 619 36 789
4 125 603 789 737
4 396 603 77 539
4 396 641 77 539
4 396 641 603 77
4 396 125 641 603
4 396 641 566 539
4 396 641 566 376
4 396 125 641 376
4 396 619 36 535
4 396 125 619 36
4 396 784 535 539
4 396 127 36 232
4 396 125 36 232
4 396 127 232 376
4 396 125 232 376
4 363 641 77 789
4 363 411 641 789
4 363 411 641 77
4 363 411 789 28
4 363 411 77 28
4 363 77 798 28
4 363 798 338 28
4 363 77 798 148
4 363 164 789 28
4 363 164 338 28
4 363 164 338 789
4 363 798 338 148
4 363 603 77 148
4 363 603 77 789
4 363 338 737 148
4 363 338 789 737
4 363 603 737 148
4 363 603 789 737
4 307 37 62 259
4 307 761 62 398
4 307 62 430 398
4 307 37 62 430
4 307 22 430 398
4 307 22 37 430
4 196 62 165 221
4 196 649 62 500
4 196 649 62 165
4 196 62 221 654
4 196 649 705 500
4 196 649 165 705
4 196 761 705 500
4 772 138 406 259
4 796 196 269 761
4 796 196 761 500
4 796 196 62 500
4 607 274 282 465
4 607 282 749 465
4 218 61 141 133
4 218 61 141 244
4 218 423 128 133
4 218 423 371 133
4 218 141 371 133
4 218 141 113 244
4 218 141 423 113
4 218 128 149 133
4 218 61 149 133
4 218 128 244 149
4 218 61 244 149
4 218 317 128 244
4 218 423 5 371
4 218 141 5 371
4 218 141 423 5
4 218 317 113 244
4 218 423 128 64
4 218 317 128 64
4 218 423 113 64
4 218 317 113 64
4 219 224 9 662
4 219 224 9 713
4 219 524 224 756
4 219 662 111 299
4 219 9 111 299
4 219 9 662 299
4 219 224 743 713
4 219 524 224 743
4 219 524 459 743
4 365 224 344 713
4 365 564 713 556
4 365 344 564 556
4 365 344 564 713
4 365 743 713 556
4 365 224 743 713
4 365 650 344 556
4 365 209 162 556
4 365 743 162 556
4 365 224 637 743
4 365 399 209 556
4 365 650 399 556
4 365 637 209 162
4 365 637 743 162
4 365 399 69 209
4 600 655 96 112
4 600 655 258 96
4 600 96 111 112
4 600 459 96 111
4 600 655 14 112
4 600 655 258 14
4 600 608 345 258
4 600 111 112 299
4 600 662 111 299
4 600 219 662 111
4 600 345 576 432
4 600 258 14 116
4 600 608 14 432
4 600 608 345 432
4 600 662 121 299
4 600 14 84 112
4 600 323 576 432
4 600 323 84 432
4 600 14 84 432
4 145 194 121 129
4 145 194 61 129
4 145 662 121 129
4 145 194 121 133
4 145 194 61 133
4 145 121 371 133
4 145 61 371 133
4 145 121 5 371
4 145 600 662 121
4 145 600 141 121
4 145 141 121 5
4 145 141 5 371
4 145 61 141 371
4 145 600 219 662
4 684 729 128 69
4 684 529 128 149
4 684 729 529 105
4 684 529 128 724
4 684 729 529 724
4 684 529 105 149
4 684 128 64 724
4 684 729 64 724
4 684 729 128 64
4 684 105 675 149
4 701 678 705 88
4 701 196 165 705
4 701 351 389 65
4 701 226 135 88
4 701 24 389 65
4 701 24 389 135
4 357 678 247 505
4 357 615 247 505
4 357 226 615 247
4 357 678 549 505
4 357 615 135 697
4 357 226 135 697
4 357 226 615 697
4 357 192 549 505
4 357 615 192 505
4 357 615 135 764
4 357 615 192 764
4 210 226 678 88
4 210 454 678 88
4 210 454 678 247
4 210 226 135 88
4 210 357 678 247
4 210 357 226 247
4 210 357 226 678
4 210 135 247 697
4 210 226 247 697
4 210 226 135 697
4 210 701 135 88
4 210 701 24 135
4 210 383 135 247
4 210 383 24 247
4 210 383 24 135
4 210 454 24 65
4 210 701 24 65
4 238 782 192 485
4 238 782 192 764
4 238 135 764 697
4 238 383 764 697
4 238 383 135 697
4 238 383 764 543
4 238 383 356 543
4 238 192 592 485
4 238 192 764 592
4 238 356 626 543
4 238 592 485 442
4 238 764 592 442
4 238 583 485 442
4 238 764 583 442
4 171 138 678 549
4 171 357 678 549
4 171 357 226 678
4 171 226 678 88
4 617 682 727 259
4 617 136 682 259
4 617 99 765 259
4 617 136 99 259
4 617 520 99 765
4 617 136 520 765
4 617 136 520 99
4 331 138 406 259
4 331 772 138 406
4 222 645 546 496
4 222 493 645 546
4 222 70 645 496
4 222 93 546 496
4 222 93 493 496
4 222 93 493 546
4 222 70 645 200
4 387 764 583 442
4 387 692 583 442
4 387 764 592 442
4 387 692 592 442
4 387 583 626 757
4 387 318 764 468
4 387 179 764 592
4 387 692 179 592
4 387 626 543 757
4 387 238 583 626
4 387 238 764 583
4 387 468 543 757
4 387 238 626 543
4 387 238 764 543
4 387 468 543 697
4 387 764 543 697
4 387 764 468 697
4 107 493 496 712
4 107 179 493 712
4 107 496 712 324
4 107 318 496 324
4 107 179 712 505
4 107 222 493 496
4 107 712 505 324
4 107 615 505 324
4 107 615 468 324
4 107 318 468 324
4 107 179 192 505
4 107 615 192 505
4 107 179 192 764
4 107 615 192 764
4 107 387 179 764
4 107 387 318 764
4 107 615 764 468
4 107 318 764 468
4 107 318 70 496
4 107 222 70 496
4 107 222 318 70
4 471 184 593 73
4 471 184 692 73
4 471 539 593 73
4 471 692 539 73
4 471 184 692 393
4 471 184 349 593
4 471 784 539 593
4 471 692 539 442
4 471 692 393 442
4 471 620 349 393
4 471 184 620 393
4 471 184 620 349
4 471 784 621 539
4 471 621 539 442
4 471 621 393 442
4 471 349 593 419
4 471 229 593 419
4 471 369 349 393
4 471 784 508 593
4 471 508 229 593
4 471 421 621 393
4 471 421 621 229
4 471 369 349 419
4 471 229 369 419
4 471 421 369 393
4 471 421 229 369
4 471 784 508 464
4 471 784 621 464
4 471 508 229 464
4 471 621 229 464
4 315 273 276 313
4 315 273 195 313
4 315 273 276 346
4 315 273 195 346
4 315 525 276 313
4 390 51 618 293
4 390 542 51 21
4 390 542 51 293
4 495 707 217 449
4 495 449 19 21
4 495 217 449 19
4 533 234 291 362
4 533 758 362 474
4 533 234 362 474
4 533 234 758 474
4 533 234 291 240
4 533 234 758 240
4 511 585 313 492
4 511 585 322 313
4 511 585 322 339
4 511 322 339 21
4 511 348 339 21
4 511 348 188 492
4 511 348 188 339
4 511 585 188 339
4 511 542 348 21
4 511 585 423 492
4 511 585 423 188
4 511 348 492 385
4 511 542 492 385
4 511 542 348 385
4 511 486 188 492
4 511 486 423 492
4 511 486 423 188
4 33 654 598 239
4 33 280 654 239
4 33 280 654 598
4 33 63 454 239
4 33 63 280 239
4 33 386 280 598
4 499 180 534 598
4 499 386 534 598
4 499 386 446 598
4 499 386 446 441
4 499 446 180 475
4 499 418 446 475
4 499 418 446 441
4 499 180 560 475
4 499 4 560 475
4 499 418 4 475
4 499 418 4 441
4 499 4 320 560
4 499 4 441 320
4 32 454 24 65
4 32 172 24 65
4 32 245 598 239
4 32 245 454 239
4 32 172 446 598
4 32 33 598 239
4 32 33 454 239
4 657 386 746 534
4 657 63 746 115
4 657 63 115 361
4 657 63 320 361
4 657 534 115 15
4 657 746 534 115
4 657 115 361 15
4 83 63 320 361
4 83 63 24 361
4 83 170 320 361
4 83 24 170 361
4 83 170 320 510
4 83 386 320 510
4 83 172 170 510
4 83 172 24 170
4 83 172 386 510
4 83 657 386 320
4 83 657 63 320
4 83 657 386 746
4 83 657 63 746
4 83 33 386 280
4 83 386 280 746
4 83 63 280 746
4 83 172 386 598
4 83 32 172 598
4 83 33 386 598
4 83 32 33 598
4 568 270 24 389
4 568 24 389 135
4 568 270 389 681
4 568 24 356 681
4 568 383 24 135
4 568 383 24 356
4 568 24 681 170
4 568 270 681 170
4 568 270 24 170
4 568 238 782 135
4 568 238 383 135
4 568 238 383 356
4 568 356 681 394
4 568 238 782 485
4 568 681 19 394
4 568 356 583 394
4 568 782 707 485
4 568 782 389 707
4 568 707 19 394
4 568 217 681 19
4 568 389 217 681
4 568 583 394 485
4 568 238 583 485
4 568 356 583 626
4 568 238 583 626
4 568 238 356 626
4 568 707 217 19
4 568 389 707 217
4 568 449 394 485
4 568 707 449 485
4 568 707 449 394
4 503 272 683 480
4 503 628 288 99
4 503 99 683 476
4 503 628 99 476
4 503 520 99 683
4 787 749 685 225
4 241 782 192 85
4 241 554 782 85
4 241 192 85 592
4 241 192 558 549
4 241 179 192 592
4 241 179 192 558
4 157 460 174 773
4 157 526 460 773
4 157 257 174 773
4 691 292 22 548
4 691 22 75 430
4 118 11 75 643
4 118 292 22 643
4 118 75 643 430
4 118 22 643 430
4 118 22 75 430
4 118 691 22 75
4 118 691 292 22
4 528 11 75 151
4 528 691 75 430
4 528 22 430 398
4 528 691 22 430
4 266 516 321 54
4 266 576 516 54
4 266 576 516 679
4 266 286 102 695
4 266 49 321 54
4 266 49 576 54
4 266 102 67 679
4 266 49 695 481
4 266 42 49 695
4 266 42 49 321
4 266 690 576 679
4 266 141 690 679
4 266 141 690 576
4 266 49 323 576
4 29 257 643 773
4 29 257 643 144
4 29 157 257 773
4 29 157 257 144
4 29 157 526 773
4 29 157 515 144
4 29 10 643 773
4 29 10 526 773
4 29 526 515 781
4 29 643 153 506
4 29 643 144 153
4 29 515 153 506
4 29 515 144 153
4 29 643 781 506
4 29 59 781 506
4 29 59 515 506
4 29 59 515 781
4 94 639 388 153
4 94 639 225 388
4 94 388 153 506
4 94 225 388 506
4 94 59 153 506
4 94 59 225 506
4 334 150 144 153
4 334 639 144 153
4 334 157 257 144
4 334 157 257 174
4 584 334 639 144
4 584 334 157 174
4 665 574 698 670
4 665 796 698 670
4 665 574 540 670
4 664 195 271 492
4 664 750 271 492
4 664 750 325 203
4 664 750 542 492
4 316 325 102 618
4 316 664 750 325
4 316 618 293 335
4 316 390 618 293
4 316 390 325 618
4 316 750 203 404
4 316 750 325 203
4 316 404 293 335
4 316 180 618 335
4 316 390 203 293
4 316 390 325 203
4 316 203 404 293
4 518 563 531 679
4 518 531 67 679
4 518 102 67 679
4 518 102 679 472
4 518 46 102 472
4 518 332 679 472
4 518 563 332 679
4 132 108 79 95
4 132 108 68 95
4 132 513 108 79
4 132 513 108 68
4 595 57 721 12
4 595 573 57 721
4 595 57 242 12
4 424 536 216 12
4 424 513 79 216
4 424 721 216 12
4 424 513 721 216
4 424 595 721 12
4 424 595 513 721
4 424 536 242 12
4 424 595 242 12
4 214 132 79 367
4 450 85 550 464
4 450 784 85 464
4 450 784 535 464
4 450 784 535 85
4 450 243 85 550
4 450 250 711 720
4 450 241 535 85
4 450 241 554 85
4 450 241 554 535
4 730 176 317 429
4 397 209 215 419
4 397 215 358 419
4 397 209 158 556
4 397 209 419 556
4 397 358 158 556
4 397 358 419 556
4 397 127 215 358
4 397 232 358 158
4 397 127 232 358
4 81 689 231 162
4 81 326 231 162
4 81 689 231 694
4 81 326 162 158
4 81 162 111 158
4 81 459 111 694
4 81 459 689 694
4 81 459 162 111
4 81 459 689 162
4 81 96 111 694
4 81 96 111 112
4 264 573 57 721
4 264 57 457 12
4 264 57 721 12
4 264 721 12 788
4 264 448 721 788
4 264 536 457 12
4 264 536 633 457
4 264 536 12 788
4 264 536 633 788
4 190 526 460 290
4 190 448 290 721
4 190 460 448 290
4 190 264 448 721
4 190 264 573 721
4 39 190 290 721
4 39 190 526 290
4 39 190 573 721
4 39 10 526 482
4 39 10 526 290
4 39 513 482 216
4 39 513 721 216
4 39 10 482 216
4 39 290 721 216
4 39 10 290 216
4 783 87 631 95
4 783 139 87 631
4 783 139 87 538
4 739 30 300 191
4 739 30 300 367
4 553 140 30 187
4 553 30 300 235
4 553 30 235 367
4 40 655 43 96
4 40 655 258 96
4 444 302 603 539
4 444 302 433 539
4 444 241 179 558
4 444 784 535 539
4 444 433 539 73
4 444 302 433 712
4 444 692 539 442
4 444 692 179 442
4 444 539 85 442
4 444 179 592 442
4 444 241 179 592
4 444 179 558 712
4 444 302 558 712
4 444 784 539 85
4 444 784 535 85
4 444 241 535 85
4 444 692 539 73
4 444 692 179 73
4 444 179 712 73
4 444 433 712 73
4 444 85 592 442
4 444 241 85 592
4 265 211 338 737
4 265 302 211 737
4 265 302 603 737
4 265 396 603 539
4 265 302 211 558
4 265 444 302 603
4 265 444 603 539
4 674 301 36 789
4 674 619 36 789
4 674 301 164 789
4 674 301 164 622
4 674 301 230 622
4 769 301 462 631
4 374 559 785 457
4 374 785 633 457
4 374 559 242 457
4 374 559 242 700
4 374 536 633 457
4 374 536 242 457
4 374 536 242 700
4 374 353 467 700
4 374 559 353 700
4 374 7 536 633
4 374 608 700 432
4 374 559 785 56
4 374 7 323 432
4 374 7 323 633
4 374 323 432 407
4 374 373 323 633
4 374 373 785 633
4 374 576 432 407
4 374 345 576 432
4 374 345 467 576
4 374 723 467 576
4 374 723 353 467
4 374 723 559 576
4 374 723 559 353
4 374 56 576 407
4 374 785 56 407
4 374 56 576 792
4 374 559 576 792
4 374 559 56 792
4 374 373 323 407
4 374 373 785 407
4 748 699 58 6
4 748 699 669 6
4 748 559 56 792
4 748 559 56 457
4 748 779 58 6
4 748 56 792 163
4 748 785 56 457
4 748 607 779 163
4 748 779 163 347
4 586 40 655 258
4 709 751 608 237
4 709 14 116 84
4 709 237 14 84
4 709 600 14 116
4 709 600 608 14
4 709 237 14 432
4 709 608 14 432
4 709 608 237 432
4 709 722 116 84
4 709 722 237 84
4 709 600 258 116
4 709 600 608 258
4 709 483 722 237
4 545 353 242 700
4 630 303 362 474
4 630 574 362 474
4 630 303 685 474
4 630 303 574 670
4 630 303 574 362
4 630 574 685 474
4 630 787 574 685
4 630 787 749 685
4 630 282 749 685
4 630 303 282 685
4 630 787 749 465
4 630 303 16 213
4 630 282 749 465
4 630 303 282 465
4 630 303 726 465
4 630 787 726 465
4 630 303 16 726
4 630 787 16 726
4 715 159 233 765
4 715 278 765 420
4 715 233 765 420
4 715 267 647 252
4 715 267 37 647
4 715 76 278 420
4 715 76 233 420
4 715 292 37 548
4 715 292 22 37
4 715 76 233 252
4 715 267 233 252
4 715 76 252 643
4 715 292 252 643
4 715 76 278 476
4 452 136 520 606
4 452 99 683 606
4 452 520 99 606
4 452 520 99 683
4 753 761 62 500
4 753 649 62 500
4 753 649 761 500
4 753 649 62 259
4 753 307 62 259
4 753 307 761 62
4 753 138 678 259
4 753 649 678 259
4 753 649 761 705
4 753 307 37 259
4 753 649 678 705
4 753 196 761 705
4 760 676 580 794
4 760 10 676 580
4 760 414 580 794
4 760 10 414 580
4 760 10 414 773
4 760 676 414 794
4 760 10 337 773
4 760 10 676 337
4 760 257 414 773
4 760 257 676 414
4 760 174 337 773
4 760 257 174 773
4 760 174 719 337
4 760 676 719 337
4 760 257 174 719
4 760 86 676 719
4 760 86 257 719
4 760 86 257 676
4 453 460 448 290
4 453 10 290 337
4 453 10 676 337
4 453 10 290 580
4 453 10 676 580
4 453 629 676 580
4 453 448 290 788
4 453 264 699 448
4 453 290 580 788
4 453 264 699 457
4 453 373 580 788
4 453 373 629 580
4 453 264 633 788
4 453 264 448 788
4 453 373 633 788
4 453 373 629 633
4 453 629 633 457
4 453 264 633 457
4 13 157 526 460
4 13 190 526 126
4 13 190 526 460
4 130 748 699 457
4 130 748 699 58
4 130 453 629 457
4 130 453 699 457
4 130 629 785 457
4 130 748 785 457
4 130 699 58 719
4 130 453 699 719
4 130 629 785 56
4 130 748 785 56
4 130 629 56 347
4 130 58 719 347
4 130 453 676 719
4 130 453 629 676
4 130 56 163 347
4 130 748 163 347
4 130 748 56 163
4 130 779 58 347
4 130 748 779 347
4 130 748 779 58
4 130 676 719 347
4 130 629 676 347
4 352 779 174 719
4 352 174 719 337
4 352 779 58 719
4 352 699 58 719
4 352 699 779 58
4 417 573 16 57
4 417 16 57 726
4 572 483 722 95
4 572 300 235 95
4 572 235 112 95
4 572 722 112 95
4 797 312 271 492
4 797 169 271 492
4 797 169 312 271
4 797 169 486 492
4 797 486 423 492
4 797 312 423 492
4 797 486 423 5
4 797 312 423 5
4 797 169 312 277
4 797 177 5 277
4 797 486 177 5
4 797 169 177 277
4 797 169 486 177
4 797 141 5 277
4 797 312 141 277
4 797 312 141 5
4 688 524 756 244
4 688 756 128 244
4 688 317 128 244
4 688 730 317 244
4 688 524 224 756
4 688 756 128 149
4 688 176 317 128
4 688 730 176 317
4 688 176 128 69
4 688 524 224 637
4 688 684 128 149
4 688 684 128 69
4 78 396 125 619
4 78 125 789 737
4 78 125 619 789
4 78 125 603 737
4 78 396 125 603
4 78 674 619 789
4 78 265 603 737
4 78 265 396 603
4 78 164 789 737
4 78 674 164 789
4 78 164 622 737
4 78 674 164 622
4 78 338 622 737
4 78 265 338 737
4 78 674 230 622
4 78 338 622 682
4 504 127 566 376
4 504 396 566 376
4 504 396 127 376
4 504 127 508 566
4 504 508 566 539
4 504 396 566 539
4 504 784 508 539
4 504 396 784 539
4 504 784 508 464
4 504 396 784 535
4 504 508 215 464
4 504 127 508 215
4 504 784 535 464
4 504 396 36 535
4 504 396 127 36
4 504 36 535 232
4 504 127 535 232
4 504 127 36 232
4 504 450 535 464
4 413 245 165 221
4 413 196 165 221
4 413 665 245 221
4 413 196 221 654
4 413 796 196 269
4 413 665 221 117
4 413 221 654 117
4 413 665 796 698
4 413 665 796 670
4 577 701 196 705
4 577 701 678 705
4 577 701 678 88
4 577 171 678 88
4 577 171 138 678
4 577 701 226 88
4 577 171 226 88
4 704 201 144 153
4 704 639 144 153
4 704 584 639 144
4 704 86 719 201
4 704 86 779 719
4 704 174 719 201
4 704 584 334 144
4 704 257 174 201
4 704 257 201 144
4 704 334 257 144
4 704 334 257 174
4 704 584 334 174
4 415 607 311 2
4 415 201 388 695
4 415 201 388 153
4 415 704 201 153
4 415 639 2 388
4 415 131 388 695
4 415 2 131 388
4 415 286 472 695
4 415 311 2 240
4 415 311 286 240
4 415 639 388 153
4 415 704 639 153
4 415 639 2 225
4 415 286 472 240
4 415 102 472 695
4 415 102 131 695
4 415 102 131 472
4 415 131 472 240
4 415 2 131 240
4 768 311 286 332
4 336 219 224 662
4 336 219 224 756
4 336 224 662 129
4 336 145 219 662
4 336 145 662 129
4 336 145 61 129
4 336 194 61 129
4 336 61 756 149
4 336 61 141 756
4 336 145 61 141
4 336 194 61 149
4 336 688 756 149
4 336 688 224 149
4 336 688 224 756
4 366 219 459 111
4 366 219 459 743
4 366 459 162 111
4 366 459 743 162
4 366 219 743 713
4 366 314 743 162
4 366 249 743 713
4 366 219 9 713
4 366 219 9 111
4 366 162 111 158
4 366 314 111 158
4 366 314 162 158
4 366 249 314 111
4 366 249 314 743
4 366 9 249 713
4 366 9 249 111
4 668 650 268 344
4 668 650 268 675
4 668 365 650 344
4 668 650 105 675
4 668 650 399 69
4 668 365 399 69
4 668 365 650 399
4 668 684 105 675
4 668 650 69 625
4 668 650 105 625
4 668 684 675 149
4 668 684 729 69
4 668 684 729 105
4 668 729 69 625
4 668 729 105 625
4 668 688 684 149
4 668 688 684 69
4 409 365 224 344
4 409 268 344 129
4 409 224 344 129
4 409 668 268 344
4 409 668 365 344
4 409 668 268 675
4 409 194 268 129
4 409 668 675 149
4 409 688 224 149
4 409 668 688 149
4 409 194 675 149
4 409 194 268 675
4 409 336 224 129
4 409 336 194 129
4 409 336 224 149
4 409 336 194 149
4 466 524 459 231
4 466 524 637 231
4 466 600 258 96
4 466 459 689 231
4 466 176 637 231
4 466 40 258 96
4 466 40 96 694
4 466 40 231 694
4 466 689 231 694
4 696 454 678 88
4 696 701 705 88
4 696 701 165 705
4 696 210 454 88
4 696 210 701 88
4 696 678 705 88
4 696 454 678 239
4 696 210 454 65
4 696 210 701 65
4 696 245 165 239
4 696 245 454 239
4 696 32 245 454
4 696 165 705 239
4 696 678 705 239
4 696 32 454 65
4 636 303 351 389
4 636 701 351 389
4 636 303 351 540
4 636 574 540 670
4 636 303 574 670
4 636 630 303 670
4 636 574 540 362
4 636 303 540 362
4 636 303 574 362
4 60 357 135 764
4 60 238 135 764
4 60 238 782 764
4 60 238 782 135
4 60 782 192 764
4 60 357 192 764
4 60 357 226 135
4 60 357 192 549
4 60 701 389 135
4 60 701 226 135
4 60 568 389 135
4 60 568 782 135
4 60 568 782 389
4 60 577 171 226
4 60 636 701 389
4 60 577 701 226
4 60 303 782 389
4 60 636 303 389
4 60 636 577 701
4 60 303 554 782
4 261 233 765 420
4 261 288 765 420
4 793 331 406 259
4 793 331 617 259
4 793 617 765 259
4 793 715 159 765
4 793 799 159 406
4 793 159 233 765
4 793 261 233 765
4 296 222 645 200
4 296 222 493 645
4 296 107 222 493
4 296 107 387 318
4 296 184 645 200
4 296 184 493 645
4 296 387 692 583
4 296 184 583 200
4 296 692 493 73
4 296 184 493 73
4 296 184 692 73
4 296 692 179 493
4 296 107 179 493
4 296 387 692 179
4 296 107 387 179
4 296 184 620 583
4 296 184 692 620
4 296 620 583 442
4 296 692 583 442
4 296 692 620 442
4 82 222 70 200
4 82 222 318 70
4 82 296 222 200
4 82 70 583 200
4 82 296 583 200
4 82 107 222 318
4 82 296 107 318
4 82 296 107 222
4 82 296 387 583
4 82 296 387 318
4 82 70 583 757
4 82 387 583 757
4 82 70 570 757
4 82 318 570 757
4 82 318 70 570
4 82 318 468 757
4 82 387 468 757
4 82 387 318 468
4 281 274 282 465
4 281 274 282 114
4 281 525 707 465
4 281 525 707 449
4 281 282 707 465
4 281 282 114 707
4 281 726 465 97
4 281 525 465 97
4 281 353 726 97
4 708 525 313 64
4 708 315 525 313
4 708 525 449 64
4 708 449 64 724
4 708 313 64 724
4 708 313 449 724
4 708 322 313 449
4 708 315 195 313
4 708 523 315 195
4 708 495 707 449
4 708 281 707 449
4 708 495 114 707
4 708 281 114 707
4 147 325 291 618
4 147 390 325 618
4 147 390 325 203
4 147 390 591 203
4 147 533 291 240
4 470 403 51 21
4 470 390 51 21
4 470 147 390 618
4 470 403 51 560
4 470 180 618 475
4 470 291 618 475
4 470 147 291 618
4 470 180 560 475
4 470 180 51 560
4 470 180 51 618
4 470 390 51 618
4 470 533 291 362
4 602 403 19 21
4 602 495 19 21
4 602 495 217 19
4 602 470 403 21
4 602 470 403 560
4 45 499 386 534
4 45 657 386 534
4 45 657 534 15
4 45 657 386 320
4 45 180 534 15
4 45 499 180 534
4 45 386 441 320
4 45 499 441 320
4 45 499 386 441
4 45 499 180 560
4 45 499 320 560
4 45 657 361 15
4 45 657 320 361
4 45 180 560 377
4 45 320 560 377
4 45 320 361 377
4 45 51 15 377
4 45 180 51 377
4 45 180 51 15
4 45 667 15 377
4 45 667 361 377
4 45 667 361 15
4 512 32 172 24
4 512 83 172 24
4 512 83 32 172
4 512 32 454 24
4 512 83 63 24
4 512 63 24 247
4 512 63 454 247
4 512 33 63 454
4 512 32 33 454
4 512 83 32 33
4 512 210 24 247
4 512 210 454 247
4 512 210 454 24
4 512 33 63 280
4 512 83 63 280
4 512 83 33 280
4 652 647 252 123
4 402 16 199 213
4 402 652 609 647
4 402 652 647 123
4 402 652 199 123
4 402 199 123 482
4 775 793 159 233
4 775 793 261 233
4 775 793 799 159
4 775 793 799 406
4 752 503 683 480
4 752 76 683 476
4 752 503 683 476
4 752 628 76 476
4 752 503 628 476
4 752 76 252 420
4 752 628 76 420
4 752 628 288 420
4 752 503 628 288
4 544 402 199 213
4 795 233 252 420
4 795 752 252 420
4 92 574 698 670
4 92 630 574 670
4 92 630 787 574
4 92 574 75 117
4 92 574 131 388
4 92 574 75 388
4 92 75 654 117
4 92 75 388 506
4 92 75 151 506
4 527 787 726 465
4 527 787 749 465
4 527 726 6 465
4 527 787 16 726
4 527 417 16 726
4 527 607 749 465
4 527 749 2 225
4 228 497 11 151
4 228 29 526 781
4 328 196 269 761
4 328 753 196 761
4 328 60 303 554
4 328 636 577 701
4 328 60 636 303
4 328 60 636 577
4 328 701 196 269
4 328 577 701 196
4 328 577 196 705
4 687 328 269 761
4 364 787 749 225
4 364 527 749 225
4 364 527 787 749
4 364 527 787 16
4 616 796 698 670
4 616 92 698 670
4 616 364 497 787
4 766 558 549 727
4 766 241 558 549
4 766 34 558 727
4 766 241 137 554
4 659 118 691 292
4 659 118 11 75
4 659 528 11 75
4 659 118 691 75
4 659 528 691 75
4 71 497 11 151
4 71 528 11 151
4 287 307 22 398
4 287 528 22 398
4 287 71 307 398
4 287 71 528 398
4 287 307 22 548
4 287 691 22 548
4 287 528 691 22
4 287 659 528 691
4 287 659 528 11
4 287 71 528 11
4 648 665 574 540
4 648 574 532 362
4 648 32 446 598
4 648 499 446 598
4 648 665 574 117
4 648 574 532 291
4 648 32 245 598
4 648 499 180 598
4 648 221 598 117
4 648 665 221 117
4 648 245 221 598
4 648 665 245 221
4 648 291 446 180
4 648 499 446 180
4 648 534 598 117
4 648 180 534 117
4 648 180 534 598
4 648 291 180 117
4 648 574 291 117
4 198 351 540 65
4 198 665 351 65
4 198 665 351 540
4 198 648 665 540
4 198 172 540 65
4 198 32 172 65
4 198 32 172 446
4 198 648 32 446
4 198 270 172 540
4 426 316 102 618
4 426 316 180 618
4 426 316 180 335
4 426 67 404 335
4 426 316 404 335
4 426 271 67 404
4 426 316 271 404
4 416 664 46 325
4 416 316 664 325
4 416 46 325 102
4 416 316 325 102
4 416 426 316 102
4 416 426 102 67
4 416 518 102 67
4 416 518 46 102
4 416 426 316 271
4 416 664 750 271
4 416 316 664 750
4 416 750 271 404
4 416 316 271 404
4 416 316 750 404
4 416 426 271 67
4 297 708 523 195
4 297 708 523 591
4 297 664 591 203
4 400 513 68 480
4 161 595 212 513
4 161 666 513 422
4 289 132 513 68
4 289 400 513 68
4 289 400 227 513
4 289 132 79 367
4 289 132 513 79
4 289 161 227 513
4 289 161 212 513
4 289 424 513 79
4 489 57 726 242
4 489 16 57 726
4 489 16 199 213
4 489 544 199 213
4 489 711 720 242
4 489 450 711 720
4 489 353 726 97
4 489 353 726 242
4 489 16 726 213
4 489 450 554 85
4 489 554 726 213
4 489 450 85 97
4 489 726 485 97
4 489 554 726 485
4 489 85 485 97
4 489 554 85 485
4 733 424 536 242
4 733 545 242 700
4 733 424 595 242
4 733 424 595 479
4 725 375 283 154
4 725 237 658 375
4 725 751 237 375
4 725 541 751 237
4 725 7 375 283
4 725 7 536 283
4 725 751 7 375
4 714 424 108 79
4 714 108 79 95
4 714 214 132 79
4 714 214 132 300
4 714 132 79 95
4 714 132 300 95
4 714 572 300 95
4 256 36 535 232
4 256 127 535 232
4 256 619 36 535
4 731 604 232 631
4 731 36 232 631
4 731 256 36 232
4 774 208 156 711
4 774 140 711 187
4 774 250 711 720
4 774 711 720 242
4 774 733 720 242
4 774 733 711 242
4 206 326 209 158
4 206 397 209 158
4 206 81 326 158
4 581 604 96 112
4 581 81 96 112
4 581 604 158 112
4 581 604 43 96
4 581 111 158 112
4 581 81 111 112
4 581 81 111 158
4 581 81 96 694
4 581 604 232 158
4 581 731 604 232
4 581 206 81 158
4 581 40 96 694
4 581 40 43 96
4 581 397 232 158
4 581 731 397 232
4 581 206 397 158
4 581 731 208 397
4 581 206 81 326
4 31 161 666 513
4 31 595 513 721
4 31 161 595 513
4 31 39 513 721
4 31 161 666 422
4 31 39 513 482
4 31 39 666 482
4 31 513 677 482
4 31 666 677 482
4 31 666 513 677
4 547 783 87 95
4 547 783 68 95
4 547 783 68 480
4 547 68 480 95
4 547 76 480 95
4 547 87 683 476
4 547 272 683 480
4 547 76 683 480
4 547 76 683 476
4 547 87 683 538
4 547 272 589 480
4 547 381 272 589
4 547 783 87 538
4 547 381 683 538
4 547 381 272 683
4 547 381 589 538
4 547 783 589 538
4 431 783 631 95
4 431 783 139 631
4 431 604 631 95
4 431 392 139 631
4 431 392 604 631
4 431 132 68 95
4 431 783 68 95
4 431 604 235 95
4 431 392 604 235
4 431 300 235 95
4 431 132 300 95
4 431 132 300 367
4 494 783 68 480
4 494 400 68 480
4 494 547 589 480
4 494 547 783 480
4 494 547 783 589
4 614 739 582 479
4 614 733 582 479
4 614 733 424 479
4 614 733 424 536
4 614 725 424 536
4 614 725 541 191
4 614 536 242 700
4 614 733 242 700
4 614 733 536 242
4 614 733 545 700
4 614 733 545 582
4 614 725 7 536
4 614 725 751 7
4 614 725 541 751
4 614 751 7 432
4 614 374 700 432
4 614 374 536 700
4 614 608 700 432
4 614 751 608 432
4 614 374 7 432
4 614 374 7 536
4 98 595 212 479
4 98 739 212 479
4 98 424 595 479
4 98 614 424 479
4 98 614 739 479
4 98 595 212 513
4 98 424 595 513
4 98 614 739 191
4 98 289 212 513
4 98 289 424 513
4 98 739 212 367
4 98 614 725 191
4 98 614 725 424
4 98 289 424 79
4 98 214 79 367
4 98 714 424 79
4 98 289 79 367
4 98 289 212 367
4 653 241 137 535
4 653 444 241 535
4 653 444 241 558
4 653 766 241 558
4 653 766 241 137
4 653 444 302 558
4 653 265 302 558
4 653 265 444 302
4 355 137 554 319
4 355 766 137 554
4 355 766 306 137
4 355 766 306 663
4 355 766 331 663
4 355 766 331 554
4 134 766 306 34
4 134 766 306 663
4 134 306 34 682
4 134 617 727 259
4 134 331 617 259
4 134 766 331 663
4 134 34 682 727
4 134 617 682 727
4 134 617 136 682
4 134 766 34 727
4 134 766 331 727
4 134 138 727 259
4 134 331 138 259
4 134 331 138 727
4 477 396 535 539
4 477 265 396 539
4 477 78 265 396
4 477 444 535 539
4 477 653 444 535
4 477 265 444 539
4 477 653 265 444
4 477 653 137 535
4 477 396 619 535
4 477 78 396 619
4 477 766 306 137
4 477 355 306 137
4 477 355 137 319
4 575 381 272 683
4 575 503 272 683
4 575 381 683 538
4 561 136 167 606
4 561 136 301 167
4 561 167 606 538
4 561 167 87 538
4 561 139 87 538
4 561 167 87 164
4 561 301 87 164
4 561 301 167 164
4 561 769 301 462
4 561 139 87 631
4 561 301 87 631
4 561 139 462 631
4 561 301 462 631
4 253 748 669 6
4 253 669 726 6
4 253 748 559 792
4 253 726 6 465
4 253 281 726 465
4 253 281 353 726
4 253 559 525 792
4 253 281 274 465
4 253 353 57 726
4 253 559 353 57
4 253 559 353 97
4 253 281 353 97
4 253 748 792 163
4 253 748 607 163
4 253 607 779 6
4 253 748 779 6
4 253 748 607 779
4 253 525 202 792
4 253 281 525 202
4 253 559 525 97
4 253 281 525 97
4 253 607 6 465
4 253 607 274 465
4 594 748 699 457
4 594 748 699 669
4 594 264 57 457
4 594 264 699 457
4 594 559 57 457
4 594 748 559 457
4 594 417 57 726
4 594 417 669 726
4 594 253 559 57
4 594 253 748 669
4 594 253 748 559
4 594 264 573 57
4 594 417 573 57
4 594 253 57 726
4 594 253 669 726
4 642 655 258 116
4 642 586 655 116
4 642 586 655 258
4 642 709 258 116
4 642 709 586 116
4 642 709 608 258
4 642 709 751 608
4 642 614 541 751
4 780 614 541 191
4 780 642 614 582
4 780 642 614 541
4 651 730 298 429
4 624 541 751 237
4 624 709 751 237
4 624 709 541 751
4 624 709 483 237
4 624 725 237 658
4 624 725 541 237
4 624 709 483 722
4 624 709 722 116
4 624 722 14 116
4 624 722 14 112
4 624 572 722 112
4 624 572 300 191
4 624 572 235 112
4 175 297 523 591
4 175 664 325 203
4 175 297 664 203
4 175 523 758 591
4 175 297 591 203
4 175 147 533 240
4 175 147 325 203
4 175 147 591 203
4 175 325 291 240
4 175 147 291 240
4 175 147 325 291
4 103 715 159 233
4 103 715 267 233
4 103 775 159 233
4 103 775 609 233
4 103 652 609 233
4 103 267 233 252
4 103 652 233 252
4 103 652 609 647
4 103 402 609 647
4 103 775 402 609
4 103 267 647 252
4 103 652 647 252
4 434 136 520 765
4 434 520 288 765
4 434 261 557 765
4 295 37 647 548
4 295 267 37 647
4 295 22 37 548
4 295 307 22 548
4 295 307 22 37
4 759 799 772 406
4 759 775 799 159
4 759 103 775 159
4 623 584 157 174
4 623 13 157 174
4 623 584 334 157
4 623 13 157 526
4 623 515 150 144
4 623 157 515 144
4 623 334 150 144
4 623 334 157 144
4 623 29 526 515
4 623 29 157 515
4 623 29 157 526
4 100 352 13 174
4 100 453 460 448
4 100 453 699 448
4 100 453 699 719
4 100 352 699 719
4 100 157 460 174
4 100 13 157 174
4 100 13 157 460
4 100 460 174 337
4 100 352 174 337
4 100 460 290 337
4 100 453 290 337
4 100 453 460 290
4 100 352 719 337
4 100 676 719 337
4 100 453 676 337
4 100 453 676 719
4 204 699 669 6
4 204 699 779 6
4 204 352 699 779
4 204 669 726 6
4 204 527 726 6
4 579 572 300 191
4 579 624 572 191
4 579 725 541 191
4 579 624 541 191
4 579 624 237 658
4 579 624 725 658
4 579 624 725 541
4 579 483 237 658
4 579 624 483 237
4 579 483 658 95
4 579 572 658 95
4 579 572 483 95
4 579 572 483 722
4 579 624 483 722
4 579 624 572 722
4 119 730 176 637
4 119 688 730 176
4 119 176 637 209
4 119 365 637 209
4 119 688 176 69
4 119 365 69 209
4 119 365 224 637
4 119 688 224 637
4 119 243 69 209
4 119 176 243 209
4 119 176 243 69
4 119 668 365 69
4 119 668 688 69
4 119 409 365 224
4 119 409 688 224
4 119 409 668 365
4 119 409 668 688
4 507 796 196 62
4 507 413 796 196
4 507 196 62 654
4 507 413 196 654
4 507 413 796 698
4 507 62 430 654
4 507 413 654 117
4 507 92 654 117
4 507 413 665 117
4 507 413 665 698
4 507 75 430 654
4 507 92 75 654
4 507 92 574 117
4 507 92 574 698
4 507 665 574 117
4 507 665 574 698
4 507 92 75 151
4 436 796 269 670
4 436 413 796 670
4 436 413 796 269
4 436 701 196 269
4 436 413 196 269
4 436 413 665 670
4 436 701 196 165
4 436 413 196 165
4 436 701 351 65
4 436 665 351 65
4 436 413 665 245
4 436 696 701 65
4 436 413 245 165
4 436 696 32 65
4 436 696 32 245
4 436 696 245 165
4 436 696 701 165
4 436 198 32 65
4 436 198 665 65
4 436 648 32 245
4 436 648 665 245
4 436 198 648 32
4 436 198 648 665
4 378 415 607 311
4 378 415 704 201
4 378 415 311 286
4 378 415 286 695
4 340 567 516 321
4 340 266 516 321
4 340 266 516 679
4 340 286 102 679
4 340 266 102 679
4 340 266 286 102
4 736 451 516 354
4 736 304 451 516
4 736 304 202 451
4 736 425 451 354
4 736 425 202 354
4 736 425 202 451
4 736 253 281 202
4 736 304 202 346
4 736 202 792 354
4 736 253 792 354
4 736 253 202 792
4 736 253 281 274
4 736 253 607 274
4 555 378 607 311
4 555 378 607 779
4 596 607 274 282
4 596 555 607 311
4 596 555 768 311
4 596 555 768 607
4 596 282 114 240
4 596 274 282 114
4 596 607 282 749
4 596 234 282 240
4 596 311 234 240
4 596 607 749 2
4 596 607 311 2
4 596 234 282 685
4 596 749 2 685
4 596 282 749 685
4 596 234 685 131
4 596 311 234 131
4 596 2 685 131
4 596 311 2 131
4 517 723 345 298
4 517 524 756 244
4 517 219 524 756
4 517 723 244 429
4 517 723 298 429
4 517 723 345 576
4 517 600 141 576
4 517 600 345 576
4 517 145 600 141
4 517 723 141 576
4 517 141 756 244
4 517 336 141 756
4 517 336 219 756
4 517 336 145 141
4 517 336 145 219
4 517 141 113 244
4 517 723 113 244
4 517 723 141 113
4 66 466 600 258
4 66 517 600 345
4 66 600 459 96
4 66 466 600 96
4 66 466 524 459
4 66 517 466 524
4 66 459 96 694
4 66 466 96 694
4 66 219 459 111
4 66 600 459 111
4 66 600 219 111
4 66 219 524 459
4 66 517 219 524
4 66 145 600 219
4 66 517 145 219
4 66 517 145 600
4 66 459 689 694
4 66 466 689 694
4 66 466 459 689
4 519 466 176 231
4 519 466 730 176
4 519 651 466 40
4 519 450 250 720
4 519 176 637 209
4 519 176 637 231
4 469 171 357 226
4 469 60 357 226
4 469 60 171 226
4 469 171 357 549
4 469 60 357 549
4 612 241 554 782
4 612 60 554 782
4 612 241 782 192
4 612 60 782 192
4 612 766 241 554
4 612 241 192 549
4 612 60 192 549
4 612 766 241 549
4 612 469 60 549
4 612 469 171 549
4 612 469 60 171
4 612 171 138 549
4 612 138 549 727
4 612 766 549 727
4 612 331 554 138
4 612 766 331 554
4 612 60 577 554
4 612 60 577 171
4 612 331 138 727
4 612 766 331 727
4 754 355 331 663
4 754 793 261 765
4 754 793 331 406
4 754 261 557 765
4 754 434 557 765
4 754 656 261 557
4 754 775 793 406
4 754 775 793 261
4 101 315 195 346
4 101 523 315 195
4 101 297 195 346
4 101 297 523 195
4 101 276 202 346
4 101 315 276 346
4 101 315 276 202
4 101 175 297 523
4 101 736 202 346
4 101 333 563 304
4 101 736 304 346
4 101 333 758 114
4 101 523 758 114
4 101 523 333 758
4 160 708 322 449
4 160 708 495 449
4 160 322 449 21
4 160 495 449 21
4 160 511 322 21
4 160 602 495 21
4 160 511 322 313
4 160 708 322 313
4 160 511 542 21
4 160 708 195 313
4 160 297 708 591
4 160 195 313 492
4 160 511 313 492
4 160 297 664 195
4 160 297 708 195
4 160 664 195 492
4 160 664 511 492
4 197 523 758 591
4 197 708 523 591
4 197 708 523 758
4 197 160 708 591
4 197 175 758 591
4 197 175 533 758
4 197 175 147 591
4 197 175 147 533
4 327 533 362 262
4 327 470 362 262
4 327 470 533 362
4 327 197 147 533
4 327 197 470 147
4 327 197 533 758
4 327 147 533 291
4 327 470 533 291
4 327 470 147 291
4 791 403 217 19
4 791 602 217 19
4 791 602 403 19
4 791 403 217 560
4 791 602 403 560
4 791 418 560 475
4 791 470 560 475
4 791 602 470 560
4 791 470 418 475
4 791 217 182 560
4 791 418 182 560
4 791 418 217 182
4 791 418 217 262
4 791 470 418 262
4 791 602 495 217
4 791 327 470 262
4 791 327 602 470
4 791 707 217 262
4 791 495 707 262
4 791 495 707 217
4 8 652 252 123
4 8 252 123 482
4 8 795 752 252
4 8 795 233 252
4 8 513 677 482
4 8 400 513 677
4 8 795 503 677
4 8 795 752 503
4 8 400 513 480
4 8 76 252 480
4 8 752 76 252
4 8 752 503 480
4 8 252 216 480
4 8 513 216 480
4 8 252 482 216
4 8 513 482 216
4 8 76 683 480
4 8 752 683 480
4 8 752 76 683
4 778 775 402 609
4 778 754 775 261
4 778 754 775 406
4 732 552 156 711
4 732 305 462 631
4 72 666 677 422
4 72 489 666 422
4 72 489 666 199
4 72 489 544 199
4 53 489 552 319
4 53 489 319 213
4 53 489 544 213
4 53 544 402 213
4 53 778 402 213
4 53 544 402 609
4 53 778 402 609
4 74 795 544 677
4 74 8 795 233
4 74 402 652 609
4 74 544 402 609
4 74 652 609 233
4 74 53 544 609
4 74 53 795 544
4 74 652 233 252
4 74 8 233 252
4 74 8 652 252
4 74 402 652 199
4 74 544 652 199
4 74 544 402 199
4 74 795 261 233
4 74 53 778 609
4 74 775 609 233
4 74 775 261 233
4 74 53 778 261
4 74 778 775 609
4 74 778 775 261
4 122 11 151 781
4 122 228 11 781
4 122 228 11 151
4 122 151 781 506
4 122 59 781 506
4 716 228 29 526
4 716 715 647 252
4 716 715 292 548
4 716 715 292 252
4 716 647 252 482
4 716 526 252 482
4 716 292 252 643
4 716 29 10 643
4 716 29 10 526
4 716 37 647 548
4 716 715 37 548
4 716 715 37 647
4 716 10 252 643
4 716 10 526 252
4 329 716 228 526
4 329 190 526 126
4 329 39 190 526
4 329 39 526 482
4 329 716 526 482
4 329 402 199 482
4 329 716 647 482
4 329 647 123 482
4 329 402 123 482
4 329 402 647 123
4 565 60 577 554
4 565 328 60 554
4 565 328 60 577
4 565 612 554 138
4 565 612 577 554
4 565 612 171 138
4 627 759 103 775
4 627 778 775 402
4 627 103 402 647
4 627 103 775 402
4 661 616 269 670
4 661 616 630 670
4 661 636 269 670
4 661 636 630 670
4 661 687 328 269
4 661 636 630 303
4 661 328 636 303
4 661 630 303 213
4 661 630 16 213
4 661 565 687 328
4 661 303 554 213
4 661 328 303 554
4 661 630 787 16
4 661 616 630 787
4 661 565 554 213
4 661 565 328 554
4 661 497 787 16
4 661 616 497 787
4 428 616 364 497
4 428 616 364 787
4 428 364 787 225
4 428 616 92 670
4 428 228 497 151
4 428 122 228 151
4 428 122 228 497
4 428 92 151 506
4 428 122 151 506
4 428 787 685 225
4 428 92 630 670
4 428 92 630 787
4 428 616 630 670
4 428 616 630 787
4 428 685 225 131
4 428 787 574 685
4 428 92 787 574
4 428 225 388 506
4 428 92 388 506
4 428 59 225 506
4 428 122 59 506
4 428 122 59 225
4 428 225 131 388
4 428 92 131 388
4 428 574 685 131
4 428 92 574 131
4 738 71 497 151
4 738 428 497 151
4 738 428 616 497
4 738 71 698 151
4 738 661 616 497
4 738 428 92 151
4 738 428 616 92
4 738 92 698 151
4 738 616 92 698
4 738 616 796 698
4 738 661 616 269
4 738 661 687 269
4 738 796 269 670
4 738 616 269 670
4 738 616 796 670
4 738 796 269 761
4 738 687 269 761
4 487 228 497 11
4 487 71 497 11
4 487 738 71 497
4 487 738 627 497
4 671 648 574 540
4 671 198 648 540
4 671 574 540 362
4 671 648 574 362
4 671 540 362 262
4 671 270 540 262
4 671 198 270 540
4 671 532 291 362
4 671 648 532 362
4 671 648 532 291
4 671 648 291 446
4 671 198 648 446
4 671 270 418 262
4 671 291 446 475
4 671 470 362 262
4 671 470 291 362
4 671 470 418 262
4 671 270 172 418
4 671 198 270 172
4 671 470 291 475
4 671 470 418 475
4 671 418 446 475
4 671 172 418 446
4 671 198 172 446
4 181 416 664 46
4 181 416 518 46
4 181 175 297 664
4 181 175 518 46
4 181 664 46 325
4 181 175 46 325
4 181 175 664 325
4 181 175 518 563
4 181 297 664 195
4 181 416 664 271
4 181 359 195 271
4 181 664 195 271
4 181 359 195 346
4 181 297 195 346
4 181 359 690 271
4 181 518 563 531
4 181 518 531 67
4 181 416 518 67
4 181 101 297 346
4 181 304 359 346
4 181 690 271 67
4 181 416 271 67
4 181 304 359 531
4 181 563 304 531
4 181 690 531 67
4 181 359 690 531
4 181 101 304 346
4 181 101 563 304
4 220 392 139 631
4 220 139 462 631
4 391 739 212 367
4 391 739 30 367
4 391 739 212 479
4 391 553 140 30
4 391 777 140 30
4 391 777 739 30
4 391 777 140 479
4 391 777 739 479
4 391 140 711 479
4 255 400 513 677
4 255 400 227 513
4 255 666 677 422
4 255 666 513 422
4 255 666 513 677
4 255 161 513 422
4 255 161 227 422
4 255 161 227 513
4 255 72 677 422
4 255 72 489 422
4 255 72 489 246
4 90 272 589 480
4 90 494 400 480
4 90 255 400 227
4 90 503 272 480
4 90 8 400 480
4 90 8 400 677
4 90 255 400 677
4 90 8 503 480
4 90 8 503 677
4 742 489 552 319
4 742 554 319 213
4 742 489 319 213
4 742 489 554 213
4 742 489 450 554
4 742 137 554 319
4 742 450 554 535
4 742 489 450 711
4 742 489 552 711
4 742 477 137 319
4 742 477 137 535
4 742 241 554 535
4 742 241 137 535
4 742 241 137 554
4 742 552 156 711
4 742 732 552 156
4 742 477 619 535
4 260 397 127 232
4 260 731 127 232
4 260 731 397 232
4 260 397 127 215
4 260 731 208 397
4 260 243 209 215
4 260 397 209 215
4 260 206 397 209
4 260 176 243 209
4 260 519 176 209
4 260 519 176 243
4 260 206 326 209
4 260 581 208 397
4 260 581 206 397
4 260 326 231 209
4 260 581 206 326
4 260 637 231 209
4 260 519 637 209
4 260 519 637 231
4 260 81 326 231
4 260 81 208 231
4 260 581 81 326
4 260 581 81 208
4 438 731 36 631
4 438 392 604 631
4 438 731 604 631
4 438 208 156 711
4 26 260 127 215
4 26 260 731 127
4 26 504 127 215
4 26 504 215 464
4 26 504 450 464
4 26 504 127 535
4 26 504 450 535
4 26 260 243 215
4 26 229 215 464
4 26 243 229 215
4 26 519 450 243
4 26 260 519 243
4 26 229 550 464
4 26 450 550 464
4 26 450 243 550
4 26 421 229 550
4 26 421 243 550
4 26 421 243 229
4 502 256 127 232
4 502 731 127 232
4 502 731 256 232
4 502 26 731 127
4 502 256 127 535
4 502 26 127 535
4 502 438 256 156
4 502 438 731 256
4 502 26 260 731
4 502 742 256 535
4 502 26 450 535
4 502 438 208 156
4 502 438 731 208
4 502 260 731 208
4 502 26 260 519
4 502 742 450 535
4 502 774 208 156
4 502 742 450 711
4 502 742 156 711
4 502 774 156 711
4 502 26 519 450
4 502 519 774 208
4 502 260 519 208
4 502 450 250 711
4 502 774 250 711
4 502 519 450 250
4 502 519 774 250
4 0 553 30 187
4 0 140 30 187
4 0 774 140 187
4 0 774 250 720
4 0 777 140 30
4 686 581 604 43
4 686 581 731 604
4 686 438 731 604
4 686 581 731 208
4 686 438 731 208
4 686 0 553 187
4 686 0 553 43
4 728 40 231 694
4 728 581 40 694
4 728 81 231 694
4 728 581 81 694
4 728 81 208 231
4 728 581 81 208
4 728 686 581 208
4 728 260 208 231
4 728 260 519 231
4 728 260 519 208
4 728 466 40 231
4 728 519 466 231
4 728 519 466 40
4 728 581 40 43
4 728 686 581 43
4 728 0 40 43
4 728 686 0 43
4 728 519 774 250
4 728 519 774 208
4 728 519 250 720
4 728 519 40 720
4 728 0 774 250
4 728 774 208 711
4 728 0 250 720
4 728 0 40 720
4 728 0 774 187
4 728 686 0 187
4 728 438 208 711
4 728 686 438 711
4 728 686 438 208
4 728 774 711 187
4 728 686 711 187
4 634 39 573 721
4 634 31 39 721
4 634 595 573 721
4 634 31 595 721
4 634 31 39 666
4 634 329 16 199
4 634 417 573 16
4 634 666 199 482
4 634 39 666 482
4 634 329 199 482
4 634 329 39 482
4 634 329 417 16
4 634 39 190 573
4 634 417 190 573
4 634 329 417 126
4 634 417 190 126
4 634 329 190 126
4 634 329 39 190
4 178 31 161 595
4 178 161 595 212
4 178 634 31 595
4 178 31 161 422
4 178 634 31 666
4 178 489 666 422
4 178 31 666 422
4 178 489 16 199
4 178 634 16 199
4 178 489 666 199
4 178 634 666 199
4 189 431 392 139
4 189 431 783 68
4 189 431 783 139
4 189 494 783 68
4 443 300 235 367
4 443 431 300 367
4 443 431 300 235
4 443 553 235 367
4 443 553 30 367
4 443 391 30 367
4 443 391 553 30
4 443 431 392 235
4 443 189 431 392
4 443 189 392 139
4 443 220 392 771
4 443 220 38 771
4 443 220 392 139
4 443 220 38 139
4 193 98 214 367
4 193 98 739 367
4 193 739 300 367
4 193 132 300 367
4 193 214 132 367
4 193 214 132 300
4 193 714 214 300
4 193 714 214 79
4 193 98 214 79
4 193 98 714 79
4 193 98 739 191
4 193 98 714 191
4 193 739 300 191
4 193 714 300 191
4 285 98 725 424
4 285 714 424 108
4 285 98 714 108
4 285 98 714 424
4 285 108 79 216
4 285 424 79 216
4 285 424 108 79
4 285 108 154 216
4 285 424 536 216
4 285 725 424 536
4 285 283 154 216
4 285 725 283 154
4 285 536 283 216
4 285 725 536 283
4 143 653 766 137
4 143 477 766 137
4 143 477 653 137
4 143 477 653 265
4 143 653 265 558
4 143 653 766 558
4 143 477 766 306
4 143 766 34 558
4 143 766 306 34
4 143 477 78 265
4 143 34 558 338
4 143 306 34 682
4 143 211 558 338
4 143 265 211 338
4 143 265 211 558
4 143 34 338 682
4 143 78 338 682
4 143 78 265 338
4 484 754 331 406
4 484 754 355 331
4 484 778 406 213
4 484 778 754 406
4 484 778 754 261
4 484 754 656 261
4 484 754 656 557
4 484 53 319 213
4 484 53 656 319
4 484 53 656 261
4 484 53 778 213
4 484 53 778 261
4 484 355 557 663
4 484 754 557 663
4 484 754 355 663
4 638 561 769 301
4 638 561 136 301
4 588 355 306 663
4 588 355 557 663
4 588 143 306 682
4 588 143 78 682
4 588 143 477 306
4 588 143 477 78
4 588 136 230 682
4 588 230 622 682
4 588 78 622 682
4 588 78 230 622
4 588 134 136 682
4 588 134 306 682
4 104 78 674 230
4 498 769 462 631
4 498 305 462 631
4 498 305 36 631
4 498 305 619 36
4 498 301 36 631
4 498 769 301 631
4 498 674 301 36
4 498 674 619 36
4 498 638 674 301
4 498 638 769 301
4 279 256 619 36
4 279 305 619 36
4 279 305 36 631
4 279 438 36 631
4 279 732 305 631
4 279 256 619 535
4 279 742 619 535
4 279 742 256 535
4 279 742 732 305
4 279 438 156 631
4 279 438 256 156
4 279 731 256 36
4 279 438 731 36
4 279 438 731 256
4 279 742 732 156
4 279 502 256 156
4 279 502 742 156
4 279 502 742 256
4 767 434 520 288
4 767 520 288 99
4 767 503 288 99
4 767 503 520 99
4 767 503 520 683
4 767 452 520 683
4 767 575 503 683
4 767 452 136 520
4 767 434 136 520
4 587 561 606 538
4 587 561 575 538
4 587 683 606 538
4 587 575 683 538
4 587 452 683 606
4 587 452 136 606
4 587 561 136 606
4 587 767 452 683
4 587 767 575 683
4 587 767 452 136
4 587 638 561 769
4 587 767 434 136
4 587 767 575 236
4 776 608 345 258
4 776 642 608 258
4 776 608 345 432
4 776 345 467 298
4 776 651 467 298
4 776 374 345 432
4 776 374 345 467
4 776 374 608 432
4 776 374 467 700
4 776 374 608 700
4 644 780 642 582
4 644 739 582 479
4 644 777 739 479
4 644 614 739 582
4 644 780 614 582
4 644 777 739 30
4 644 614 739 191
4 644 780 614 191
4 644 739 30 191
4 644 780 30 191
4 20 466 40 258
4 20 651 40 258
4 20 651 466 40
4 20 66 466 258
4 20 651 466 298
4 20 66 466 298
4 20 66 600 258
4 20 600 345 258
4 20 776 345 298
4 20 776 651 298
4 20 776 345 258
4 20 66 600 345
4 20 517 345 298
4 20 66 517 298
4 20 66 517 345
4 35 624 709 541
4 35 709 541 751
4 35 642 541 751
4 35 642 709 751
4 35 780 642 541
4 35 642 709 586
4 35 624 541 191
4 35 709 586 116
4 35 624 709 116
4 488 753 307 37
4 488 295 267 37
4 488 793 715 159
4 488 753 37 259
4 488 715 267 37
4 488 759 103 159
4 488 759 103 267
4 488 799 159 406
4 488 759 799 406
4 488 759 799 159
4 488 793 406 259
4 488 793 159 406
4 488 103 715 159
4 488 103 715 267
4 488 37 278 259
4 488 715 37 278
4 488 278 765 259
4 488 793 765 259
4 488 715 278 765
4 488 793 715 765
4 437 623 584 174
4 437 704 584 174
4 437 352 779 174
4 437 204 352 779
4 437 779 174 719
4 437 704 174 719
4 437 704 779 719
4 437 704 584 639
4 437 415 704 639
4 437 415 639 225
4 437 378 704 779
4 437 378 415 704
4 437 415 2 225
4 437 204 779 6
4 437 204 527 6
4 437 378 607 779
4 437 378 415 607
4 437 415 607 2
4 437 527 2 225
4 437 607 779 6
4 437 607 749 2
4 437 527 749 2
4 437 527 607 749
4 437 607 6 465
4 437 527 6 465
4 437 527 607 465
4 308 71 528 151
4 308 528 75 151
4 308 507 75 151
4 308 71 698 151
4 308 528 75 430
4 308 507 75 430
4 308 92 698 151
4 308 507 92 151
4 308 507 92 698
4 308 528 430 398
4 308 71 528 398
4 308 507 796 62
4 308 507 796 698
4 308 62 430 398
4 308 507 62 430
4 308 796 62 500
4 308 738 796 698
4 308 738 71 698
4 308 761 62 398
4 308 761 62 500
4 308 796 761 500
4 308 738 796 761
4 308 307 761 398
4 308 71 307 398
4 207 636 701 351
4 207 436 701 351
4 207 436 701 269
4 207 436 665 670
4 207 436 665 351
4 207 636 269 670
4 207 436 269 670
4 207 328 701 269
4 207 328 636 701
4 207 665 540 670
4 207 636 540 670
4 207 665 351 540
4 207 636 351 540
4 207 661 636 269
4 207 661 328 269
4 207 661 328 636
4 294 340 567 321
4 294 340 266 321
4 294 360 412 321
4 294 360 567 321
4 294 360 567 412
4 294 607 779 163
4 294 555 607 779
4 294 42 412 321
4 294 567 412 347
4 294 86 412 347
4 294 779 163 347
4 294 567 163 347
4 294 86 779 347
4 173 736 304 516
4 173 340 516 679
4 173 516 531 679
4 173 304 516 531
4 173 340 286 679
4 173 333 304 332
4 173 768 333 332
4 173 768 333 304
4 173 768 286 332
4 173 340 768 286
4 173 563 531 679
4 173 563 304 531
4 173 286 332 679
4 173 563 332 679
4 173 563 304 332
4 770 768 333 304
4 770 101 333 304
4 770 101 736 304
4 770 173 768 304
4 770 173 736 304
4 770 101 274 114
4 770 101 333 114
4 770 736 281 274
4 770 101 281 274
4 770 736 607 274
4 770 736 768 607
4 770 596 607 274
4 770 596 768 607
4 640 768 333 332
4 640 596 311 240
4 640 596 768 311
4 640 770 768 333
4 640 770 596 768
4 640 311 332 240
4 640 768 311 332
4 640 758 114 240
4 640 596 114 240
4 640 333 758 114
4 640 770 333 114
4 640 332 472 240
4 640 533 758 240
4 640 175 533 240
4 640 175 533 758
4 640 596 274 114
4 640 770 274 114
4 640 770 596 274
4 640 175 325 240
4 25 651 730 298
4 25 651 466 298
4 25 730 298 429
4 25 517 298 429
4 25 66 466 298
4 25 66 517 298
4 25 66 517 466
4 25 517 466 524
4 25 519 466 730
4 25 730 317 429
4 25 466 524 637
4 25 517 524 244
4 25 317 244 429
4 25 517 244 429
4 25 730 317 244
4 25 688 524 637
4 25 730 176 637
4 25 466 176 637
4 25 466 730 176
4 25 688 524 244
4 25 688 730 244
4 25 119 730 637
4 25 119 688 637
4 25 119 688 730
4 263 519 40 720
4 263 519 651 40
4 263 651 730 429
4 263 519 730 176
4 263 25 651 730
4 263 25 519 730
4 263 730 176 429
4 263 519 651 466
4 263 25 651 466
4 263 25 519 466
4 263 176 429 97
4 263 467 429 97
4 263 176 243 97
4 263 519 176 243
4 263 353 467 97
4 263 467 298 429
4 263 651 298 429
4 263 651 467 298
4 263 489 353 97
4 263 519 450 243
4 263 519 450 720
4 263 489 450 97
4 263 489 450 720
4 263 489 720 242
4 263 489 353 242
4 263 545 353 242
4 263 243 85 97
4 263 450 85 97
4 263 450 243 85
4 263 353 467 700
4 263 545 467 700
4 263 545 353 700
4 263 733 720 242
4 263 733 545 242
4 762 101 315 202
4 762 315 276 202
4 762 736 281 202
4 762 101 736 202
4 762 101 523 315
4 762 525 276 202
4 762 281 525 202
4 762 315 525 276
4 762 770 736 281
4 762 770 101 281
4 762 770 101 736
4 762 708 523 315
4 762 101 523 114
4 762 708 315 525
4 762 708 281 114
4 762 281 274 114
4 762 101 274 114
4 762 101 281 274
4 762 281 525 449
4 762 708 525 449
4 762 708 281 449
4 762 523 758 114
4 762 708 758 114
4 762 708 523 758
4 680 160 602 21
4 680 470 390 21
4 680 602 470 21
4 680 390 542 21
4 680 160 542 21
4 680 327 160 602
4 680 327 602 470
4 680 327 197 470
4 680 390 591 203
4 680 197 160 591
4 680 327 197 160
4 680 470 147 390
4 680 197 470 147
4 680 542 203 293
4 680 390 203 293
4 680 390 542 293
4 680 664 591 203
4 680 147 390 591
4 680 197 147 591
4 680 750 542 203
4 680 664 750 203
4 680 664 750 542
4 680 160 511 542
4 680 160 664 511
4 680 297 664 591
4 680 160 297 591
4 680 160 297 664
4 680 511 542 492
4 680 664 542 492
4 680 664 511 492
4 382 160 602 495
4 382 327 160 602
4 382 791 602 495
4 382 791 327 602
4 382 160 708 495
4 382 791 495 262
4 382 791 327 262
4 382 197 160 708
4 382 327 197 160
4 382 708 758 114
4 382 708 495 114
4 382 197 708 758
4 382 327 197 758
4 382 495 707 262
4 382 327 533 262
4 382 327 533 758
4 382 495 114 707
4 382 533 362 262
4 382 533 758 362
4 382 282 707 262
4 382 282 114 707
4 382 282 474 262
4 382 282 114 474
4 382 362 474 262
4 382 758 362 474
4 382 758 114 474
4 590 732 552 246
4 590 140 711 187
4 590 391 140 711
4 734 220 38 771
4 734 590 140 187
4 734 590 711 187
4 734 443 38 771
4 734 590 391 140
4 734 590 391 38
4 734 392 771 235
4 734 443 392 235
4 734 443 392 771
4 734 443 391 38
4 734 553 235 187
4 734 553 140 187
4 734 443 553 235
4 734 391 553 140
4 734 443 391 553
4 455 72 544 677
4 455 255 72 677
4 455 255 72 246
4 455 795 544 677
4 455 53 795 544
4 455 72 489 246
4 455 72 489 544
4 455 53 489 544
4 455 489 552 246
4 455 53 552 246
4 455 53 489 552
4 27 74 544 652
4 27 544 652 199
4 27 72 544 199
4 27 72 544 677
4 27 74 544 677
4 27 72 666 199
4 27 72 666 677
4 27 199 123 482
4 27 666 199 482
4 27 8 677 482
4 27 666 677 482
4 142 329 526 126
4 142 13 526 126
4 142 623 13 526
4 456 122 59 225
4 456 142 364 225
4 456 428 364 225
4 456 428 122 225
4 456 428 364 497
4 456 428 122 497
4 456 122 59 781
4 456 122 228 497
4 456 122 228 781
4 456 228 526 781
4 456 142 526 781
4 456 142 228 526
4 47 565 554 213
4 47 554 319 213
4 47 331 772 406
4 47 331 554 138
4 47 565 554 138
4 47 331 772 138
4 47 565 772 138
4 47 355 554 319
4 47 355 331 554
4 47 484 319 213
4 47 484 406 213
4 47 484 331 406
4 47 484 355 319
4 47 484 355 331
4 152 565 687 772
4 152 47 565 213
4 152 47 565 772
4 152 778 406 213
4 152 47 406 213
4 152 47 772 406
4 152 799 772 406
4 152 627 759 772
4 152 775 799 406
4 152 778 775 406
4 152 759 799 772
4 152 627 759 775
4 152 627 778 775
4 152 759 775 799
4 473 565 687 328
4 473 328 753 761
4 473 687 753 761
4 473 687 328 761
4 473 565 687 772
4 473 565 772 138
4 473 627 759 772
4 473 627 759 753
4 473 152 687 772
4 473 152 627 772
4 473 152 627 687
4 473 772 138 259
4 473 753 138 259
4 473 488 759 753
4 473 772 406 259
4 473 759 772 406
4 473 488 759 406
4 473 488 406 259
4 473 488 753 259
4 578 612 577 171
4 578 565 612 171
4 578 565 612 577
4 578 577 171 138
4 578 565 171 138
4 578 473 753 138
4 578 473 565 138
4 578 753 678 705
4 578 753 138 678
4 578 577 678 705
4 578 577 138 678
4 578 328 577 705
4 578 473 328 753
4 578 565 328 577
4 578 473 565 328
4 578 753 196 705
4 578 328 196 705
4 578 328 753 196
4 3 295 307 548
4 3 627 759 103
4 3 488 295 267
4 3 488 759 267
4 3 103 267 647
4 3 295 267 647
4 3 759 103 267
4 155 287 71 307
4 155 487 287 71
4 155 308 71 307
4 155 487 738 71
4 155 487 738 627
4 155 308 307 761
4 155 308 738 71
4 155 753 307 761
4 155 308 738 761
4 155 3 295 307
4 155 687 753 761
4 155 738 687 761
4 155 738 627 687
4 155 488 753 307
4 155 3 488 295
4 155 627 759 753
4 155 488 759 753
4 155 3 627 759
4 155 3 488 759
4 155 473 687 753
4 155 473 627 753
4 155 473 627 687
4 155 295 307 37
4 155 488 307 37
4 155 488 295 37
4 718 487 716 228
4 718 716 292 548
4 718 487 716 548
4 718 659 118 292
4 718 118 292 643
4 718 716 292 643
4 718 659 691 292
4 718 487 228 11
4 718 691 292 548
4 718 659 118 11
4 718 118 11 643
4 718 716 29 643
4 718 716 228 29
4 718 287 659 691
4 718 287 659 11
4 718 287 691 548
4 718 487 287 548
4 718 11 643 781
4 718 228 11 781
4 718 29 643 781
4 718 228 29 781
4 718 287 71 11
4 718 487 71 11
4 718 487 287 71
4 350 487 228 497
4 350 329 716 228
4 350 487 716 228
4 350 456 228 497
4 350 456 142 228
4 350 329 228 526
4 350 142 228 526
4 350 142 329 526
4 350 329 402 647
4 350 456 364 497
4 350 456 142 364
4 350 329 417 16
4 350 142 417 16
4 350 661 497 16
4 350 402 16 199
4 350 329 16 199
4 350 329 402 199
4 350 497 787 16
4 350 364 787 16
4 350 364 497 787
4 350 329 417 126
4 350 142 417 126
4 350 142 329 126
4 109 101 175 297
4 109 181 175 297
4 109 181 101 297
4 109 101 523 333
4 109 101 175 523
4 109 181 175 563
4 109 101 333 563
4 109 181 101 563
4 109 523 333 758
4 109 175 523 758
4 109 640 333 758
4 109 640 175 758
4 109 175 518 46
4 109 175 518 563
4 109 640 333 332
4 109 518 563 332
4 109 563 304 332
4 109 333 304 332
4 109 333 563 304
4 109 640 332 472
4 109 518 332 472
4 109 518 46 472
4 109 46 325 472
4 109 175 46 325
4 109 640 175 325
4 109 325 472 240
4 109 640 472 240
4 109 640 325 240
4 501 38 139 462
4 501 220 139 462
4 501 220 38 139
4 501 220 462 631
4 501 732 462 631
4 501 734 220 38
4 501 220 771 631
4 501 734 220 771
4 501 734 590 38
4 501 279 156 631
4 501 279 732 631
4 501 279 732 156
4 501 732 156 711
4 501 734 590 711
4 501 734 711 187
4 501 732 552 711
4 501 590 552 711
4 501 590 732 552
4 379 289 161 212
4 379 289 161 227
4 379 178 161 212
4 379 161 227 422
4 379 178 161 422
4 379 255 227 422
4 379 178 489 422
4 379 590 391 711
4 379 255 489 422
4 379 391 711 479
4 379 489 552 711
4 379 590 552 711
4 379 255 489 246
4 379 489 552 246
4 379 590 552 246
4 710 0 774 140
4 710 0 777 140
4 710 777 140 479
4 710 140 711 479
4 710 774 140 711
4 710 733 711 479
4 710 774 733 711
4 710 733 582 479
4 710 774 733 720
4 710 733 545 582
4 710 644 0 777
4 710 644 582 479
4 710 644 777 479
4 710 263 733 720
4 710 263 733 545
4 408 686 604 43
4 408 686 553 43
4 408 604 43 235
4 408 553 43 235
4 408 392 604 235
4 408 553 235 187
4 408 686 553 187
4 408 392 771 235
4 408 438 392 604
4 408 686 438 604
4 408 734 235 187
4 408 734 771 235
4 408 438 392 631
4 408 686 711 187
4 408 686 438 711
4 408 220 771 631
4 408 220 392 631
4 408 220 392 771
4 408 501 771 631
4 408 501 734 187
4 408 501 734 771
4 408 438 156 711
4 408 438 156 631
4 408 501 156 631
4 408 501 711 187
4 408 501 156 711
4 447 494 783 139
4 447 189 783 139
4 447 189 494 783
4 447 189 494 68
4 763 431 132 68
4 763 189 431 68
4 763 447 189 68
4 763 431 132 367
4 763 289 132 68
4 763 447 494 68
4 763 289 400 68
4 763 289 400 227
4 763 289 132 367
4 763 494 400 68
4 463 285 98 108
4 463 285 98 725
4 463 98 725 191
4 463 285 108 154
4 463 285 725 154
4 463 98 714 191
4 463 98 714 108
4 463 108 658 154
4 463 714 300 191
4 463 579 300 191
4 463 579 725 191
4 463 658 375 154
4 463 725 375 154
4 463 725 658 375
4 463 714 572 300
4 463 579 725 658
4 463 579 572 300
4 463 714 108 95
4 463 714 572 95
4 463 579 572 658
4 463 108 658 95
4 463 572 658 95
4 89 588 434 136
4 89 617 136 765
4 89 434 136 765
4 89 134 617 136
4 89 588 134 136
4 89 754 434 765
4 89 588 134 306
4 89 588 306 663
4 89 588 557 663
4 89 588 434 557
4 89 793 617 765
4 89 754 793 765
4 89 134 306 663
4 89 754 331 663
4 89 754 557 663
4 89 754 434 557
4 89 793 331 617
4 89 754 793 331
4 89 134 331 663
4 89 134 331 617
4 284 104 674 230
4 284 674 301 230
4 284 638 674 301
4 284 587 638 561
4 537 588 477 78
4 537 588 78 230
4 537 104 78 230
4 537 477 355 306
4 537 588 355 306
4 537 588 477 306
4 537 484 355 319
4 537 484 656 557
4 537 484 355 557
4 537 588 355 557
4 646 561 575 538
4 646 587 561 769
4 646 587 561 575
4 646 575 381 538
4 646 587 638 769
4 646 284 638 769
4 646 284 587 638
4 611 742 732 552
4 611 742 732 305
4 611 742 552 319
4 611 742 477 319
4 611 537 477 78
4 611 537 104 78
4 611 305 78 619
4 611 477 355 319
4 611 537 355 319
4 611 537 477 355
4 611 477 78 619
4 611 742 477 619
4 611 279 305 619
4 611 279 742 619
4 611 279 742 305
4 599 767 503 288
4 599 752 503 288
4 599 795 752 503
4 599 752 288 420
4 599 795 752 420
4 599 261 288 420
4 599 767 434 288
4 599 767 434 236
4 599 261 233 420
4 599 795 233 420
4 599 795 261 233
4 599 261 288 765
4 599 434 288 765
4 599 434 261 765
4 599 656 557 236
4 599 656 261 557
4 599 53 656 261
4 599 434 557 236
4 599 434 261 557
4 599 74 795 261
4 599 74 53 261
4 599 74 53 795
4 597 642 586 258
4 597 776 642 258
4 597 20 776 258
4 597 20 776 651
4 597 776 651 467
4 597 614 545 582
4 597 642 614 582
4 597 614 545 700
4 597 642 614 751
4 597 545 467 700
4 597 776 467 700
4 597 614 608 700
4 597 776 608 700
4 597 614 751 608
4 597 642 751 608
4 597 776 642 608
4 741 780 541 191
4 741 35 541 191
4 741 35 780 541
4 741 780 30 191
4 741 30 300 191
4 741 553 30 300
4 741 35 642 586
4 741 35 780 642
4 741 624 300 191
4 741 35 624 191
4 741 553 300 235
4 741 586 655 116
4 741 35 586 116
4 741 572 300 235
4 741 624 572 235
4 741 624 572 300
4 741 35 624 116
4 613 352 13 174
4 613 623 13 174
4 613 437 623 174
4 613 437 623 13
4 613 437 352 174
4 613 437 204 352
4 613 100 352 13
4 613 13 190 126
4 613 100 352 699
4 613 204 352 699
4 613 417 190 126
4 613 13 190 460
4 613 100 13 460
4 613 204 417 126
4 613 190 460 448
4 613 100 460 448
4 613 100 699 448
4 613 594 699 669
4 613 204 699 669
4 613 594 417 669
4 613 204 417 669
4 613 594 264 699
4 613 417 190 573
4 613 594 417 573
4 613 264 699 448
4 613 190 264 448
4 613 190 264 573
4 613 594 264 573
4 702 294 567 163
4 702 163 516 354
4 702 567 163 516
4 702 294 607 163
4 702 792 163 354
4 702 340 567 516
4 702 294 340 567
4 702 253 792 354
4 702 253 792 163
4 702 253 607 163
4 702 736 768 607
4 702 555 768 607
4 702 294 555 607
4 702 294 555 768
4 702 736 516 354
4 702 294 340 768
4 702 736 253 354
4 702 736 253 607
4 702 173 736 516
4 702 173 340 516
4 702 173 340 768
4 702 770 736 768
4 702 770 173 768
4 702 770 173 736
4 370 266 42 321
4 370 294 42 321
4 370 294 266 321
4 370 266 42 695
4 370 42 509 695
4 370 42 509 412
4 370 294 42 412
4 370 266 286 695
4 370 378 286 695
4 370 294 340 266
4 370 509 201 695
4 370 509 201 412
4 370 340 266 286
4 370 415 201 695
4 370 378 415 695
4 370 378 415 201
4 370 86 201 412
4 370 294 86 412
4 370 378 311 286
4 370 555 378 311
4 370 555 378 779
4 370 294 555 779
4 370 294 340 768
4 370 294 555 768
4 370 704 86 201
4 370 378 704 201
4 370 294 86 779
4 370 768 311 286
4 370 340 768 286
4 370 555 768 311
4 370 704 86 779
4 370 378 704 779
4 551 455 795 677
4 551 795 503 677
4 551 90 503 677
4 551 599 656 236
4 551 53 656 246
4 551 455 53 246
4 551 455 53 795
4 551 599 53 795
4 551 599 795 503
4 551 575 503 272
4 551 90 503 272
4 551 767 575 236
4 551 599 767 236
4 551 599 53 656
4 551 767 575 503
4 551 599 767 503
4 551 381 272 589
4 551 575 381 589
4 551 575 381 272
4 401 74 8 652
4 401 27 74 652
4 401 8 652 123
4 401 74 8 795
4 401 652 199 123
4 401 27 199 123
4 401 27 652 199
4 401 8 123 482
4 401 27 123 482
4 401 27 8 482
4 401 8 795 677
4 401 27 8 677
4 401 74 795 677
4 401 27 74 677
4 632 437 527 225
4 632 364 527 225
4 632 142 364 225
4 632 437 204 527
4 632 364 527 16
4 632 527 417 16
4 632 142 417 16
4 632 350 364 16
4 632 350 142 16
4 632 350 142 364
4 632 527 417 726
4 632 204 527 726
4 632 204 417 126
4 632 142 417 126
4 632 437 623 13
4 632 142 13 126
4 632 142 623 13
4 632 417 669 726
4 632 204 669 726
4 632 204 417 669
4 632 613 13 126
4 632 613 204 126
4 632 613 437 13
4 632 613 437 204
4 23 152 627 687
4 23 627 778 402
4 23 152 627 778
4 23 778 402 213
4 23 152 778 213
4 23 350 402 16
4 23 350 661 16
4 23 350 661 497
4 23 738 627 497
4 23 738 627 687
4 23 487 627 497
4 23 350 487 497
4 23 402 16 213
4 23 661 16 213
4 23 661 565 213
4 23 661 565 687
4 23 152 565 213
4 23 152 565 687
4 23 738 661 497
4 23 738 661 687
4 514 487 287 548
4 514 155 487 287
4 514 287 307 548
4 514 155 287 307
4 514 3 307 548
4 514 155 3 307
4 514 155 487 627
4 514 155 3 627
4 514 627 103 647
4 514 3 103 647
4 514 3 627 103
4 514 23 487 627
4 514 23 350 487
4 514 627 402 647
4 514 23 627 402
4 521 379 711 479
4 521 379 489 711
4 521 733 711 479
4 521 379 178 489
4 521 489 711 242
4 521 733 711 242
4 521 379 391 479
4 521 733 595 242
4 521 733 595 479
4 521 489 57 242
4 521 391 212 479
4 521 379 391 212
4 521 379 178 212
4 521 595 57 242
4 521 489 16 57
4 521 178 489 16
4 521 595 212 479
4 521 178 595 212
4 521 595 573 57
4 521 573 16 57
4 521 634 595 573
4 521 178 634 595
4 521 634 573 16
4 521 178 634 16
4 740 443 38 139
4 740 38 139 462
4 740 447 139 462
4 740 443 189 139
4 740 447 189 139
4 740 443 189 431
4 740 763 189 431
4 740 763 447 189
4 740 443 431 367
4 740 763 431 367
4 124 590 391 38
4 124 763 447 227
4 124 740 763 447
4 124 443 391 38
4 124 740 443 38
4 124 379 590 391
4 124 443 391 367
4 124 740 443 367
4 124 379 289 227
4 124 740 763 367
4 124 379 289 212
4 124 379 391 212
4 124 763 289 367
4 124 763 289 227
4 124 289 212 367
4 124 391 212 367
4 168 447 139 462
4 168 124 447 227
4 168 494 589 480
4 168 90 589 480
4 168 90 494 480
4 168 90 494 400
4 168 90 255 227
4 168 90 400 227
4 168 590 732 246
4 168 124 590 38
4 168 379 590 246
4 168 124 379 590
4 168 740 38 462
4 168 740 447 462
4 168 124 740 38
4 168 124 740 447
4 168 124 379 227
4 168 379 255 246
4 168 379 255 227
4 168 501 732 462
4 168 501 590 732
4 168 501 38 462
4 168 501 590 38
4 168 763 400 227
4 168 763 494 400
4 168 763 447 227
4 168 763 447 494
4 672 646 498 769
4 672 498 638 769
4 672 284 638 769
4 672 284 104 674
4 672 646 498 305
4 672 498 638 674
4 672 284 638 674
4 672 104 78 674
4 672 498 674 619
4 672 498 305 619
4 672 78 674 619
4 672 305 78 619
4 672 611 305 78
4 672 611 104 78
4 672 611 104 305
4 1 284 104 230
4 1 537 104 230
4 1 537 588 230
4 1 587 434 136
4 1 588 136 230
4 1 588 434 136
4 1 587 561 136
4 1 284 587 561
4 1 136 301 230
4 1 284 301 230
4 1 638 561 136
4 1 284 638 561
4 1 638 136 301
4 1 284 638 301
4 384 498 769 462
4 384 646 498 769
4 384 498 305 462
4 384 646 498 305
4 384 561 769 462
4 384 646 561 769
4 384 732 305 462
4 384 561 589 538
4 384 646 561 538
4 384 168 732 462
4 384 381 589 538
4 384 646 381 538
4 384 551 646 575
4 384 575 381 589
4 384 646 575 381
4 205 484 656 319
4 205 537 484 319
4 205 611 537 319
4 205 537 484 656
4 205 611 537 104
4 205 551 575 236
4 410 263 40 720
4 410 263 651 40
4 410 263 545 467
4 410 263 651 467
4 410 597 545 467
4 410 597 651 467
4 410 710 263 720
4 410 710 263 545
4 44 741 642 586
4 44 741 780 642
4 44 644 780 642
4 44 644 780 30
4 44 710 644 0
4 44 644 642 582
4 44 710 644 582
4 44 644 777 30
4 44 644 0 777
4 44 0 777 30
4 706 741 655 116
4 706 741 624 116
4 706 655 14 116
4 706 624 14 116
4 706 655 14 112
4 706 624 14 112
4 706 741 624 235
4 706 655 43 112
4 706 604 43 112
4 706 604 235 112
4 706 624 235 112
4 706 604 43 235
4 706 553 43 235
4 706 741 553 235
4 706 741 586 655
4 706 0 553 43
4 706 44 741 586
4 706 40 655 43
4 706 0 40 43
4 706 586 40 655
4 706 0 586 40
4 706 44 0 586
4 706 741 553 30
4 706 0 553 30
4 706 44 0 30
4 706 741 780 30
4 706 44 780 30
4 706 44 741 780
4 310 455 255 677
4 310 551 455 677
4 310 90 255 677
4 310 551 90 677
4 310 455 255 246
4 310 551 455 246
4 310 168 255 246
4 310 168 90 255
4 310 384 551 246
4 310 384 168 246
4 310 168 90 589
4 310 90 272 589
4 310 551 272 589
4 310 551 90 272
4 491 632 142 623
4 491 437 623 584
4 491 632 437 623
4 491 623 584 334
4 491 437 584 639
4 491 584 334 639
4 491 437 639 225
4 491 632 437 225
4 491 94 639 225
4 491 632 142 225
4 491 94 639 153
4 491 334 639 153
4 491 623 515 150
4 491 623 334 150
4 491 59 515 153
4 491 94 59 153
4 491 94 59 225
4 491 456 59 225
4 491 456 59 781
4 491 456 142 781
4 491 456 142 225
4 491 59 515 781
4 491 623 526 515
4 491 142 623 526
4 491 334 150 153
4 491 515 150 153
4 491 526 515 781
4 491 142 526 781
4 368 487 716 548
4 368 514 487 548
4 368 716 647 548
4 368 514 3 548
4 368 514 3 647
4 368 350 487 716
4 368 514 350 487
4 368 295 647 548
4 368 3 295 548
4 368 3 295 647
4 368 329 716 647
4 368 350 329 647
4 368 350 329 716
4 368 350 402 647
4 368 514 402 647
4 368 23 350 402
4 368 514 23 402
4 368 514 23 350
4 120 551 575 589
4 120 384 575 589
4 120 384 551 575
4 120 310 551 589
4 120 310 384 551
4 120 310 168 589
4 120 310 384 168
4 120 384 168 462
4 120 168 139 462
4 120 384 561 589
4 120 384 561 462
4 120 561 139 462
4 120 168 447 139
4 120 561 589 538
4 120 561 139 538
4 120 447 494 139
4 120 168 494 589
4 120 168 447 494
4 120 783 589 538
4 120 783 139 538
4 120 494 783 589
4 120 494 783 139
4 562 611 732 305
4 562 384 732 305
4 562 384 551 246
4 562 384 551 646
4 562 551 656 246
4 562 168 732 246
4 562 384 168 246
4 562 384 168 732
4 562 732 552 246
4 562 611 732 552
4 562 53 656 246
4 562 551 656 236
4 562 205 656 236
4 562 205 551 236
4 562 53 552 246
4 562 205 611 319
4 562 53 656 319
4 562 205 656 319
4 562 53 552 319
4 562 611 552 319
4 735 1 537 104
4 735 205 537 104
4 735 1 284 104
4 735 1 284 587
4 735 1 588 434
4 735 1 537 588
4 735 1 587 434
4 735 588 434 557
4 735 537 588 557
4 735 434 557 236
4 735 205 656 236
4 735 205 537 656
4 735 656 557 236
4 735 537 656 557
4 735 767 434 236
4 735 587 767 236
4 735 587 767 434
4 735 587 575 236
4 735 205 575 236
4 490 551 646 575
4 490 205 551 575
4 490 646 587 575
4 490 562 551 646
4 490 562 205 551
4 490 735 587 575
4 490 735 205 575
4 490 646 284 587
4 490 735 284 587
4 490 735 205 104
4 490 205 611 104
4 490 562 205 611
4 490 735 284 104
4 490 672 104 305
4 490 672 646 305
4 490 611 104 305
4 490 562 611 305
4 490 384 646 305
4 490 562 384 305
4 490 562 384 646
4 490 672 284 104
4 490 646 284 769
4 490 672 284 769
4 490 672 646 769
4 439 597 545 582
4 439 410 597 545
4 439 710 545 582
4 439 410 710 545
4 439 597 642 582
4 439 44 710 582
4 439 44 642 582
4 439 597 642 586
4 439 44 710 0
4 439 44 642 586
4 439 597 586 258
4 439 410 710 720
4 439 44 0 586
4 439 586 40 258
4 439 597 20 258
4 439 0 774 720
4 439 710 774 720
4 439 710 0 774
4 439 0 40 720
4 439 410 40 720
4 439 0 586 40
4 439 651 40 258
4 439 410 651 40
4 439 20 651 258
4 439 597 20 651
4 439 410 597 651
